
 x: -8    -8        -7        -6        -5        -4        -3        -2        -1         0         1         2         3         4         5         6         7         8    
Y=-8   1  1  1   1  1 -1   1  1  1   1  1 -1   1  1  1   1  1 -1   1  1  1   1  1 -1   1  1  1   1  1 -1   1  1  1   1  1 -1   1  1  1   1  1 -1   1  1  1   1  1 -1   1  1  1
Y=-7   1 -1  1   1 -1 -1   1 -1  1   1 -1 -1   1 -1  1   1 -1 -1   1 -1  1   1 -1 -1   1 -1  1   1 -1 -1   1 -1  1   1 -1 -1   1 -1  1   1 -1 -1   1 -1  1   1 -1 -1   1 -1  1
Y=-6   1  1  1   1  1 -1   1  1  1   1  1 -1   1  1  1   1  1 -1   1  1  1   1  1 -1   1  1  1   1  1 -1   1  1  1   1  1 -1   1  1  1   1  1 -1   1  1  1   1  1 -1   1  1  1
Y=-5   1 -1  1   1 -1 -1   1 -1  1   1 -1 -1   1 -1  1   1 -1 -1   1 -1  1   1 -1 -1   1 -1  1   1 -1 -1   1 -1  1   1 -1 -1   1 -1  1   1 -1 -1   1 -1  1   1 -1 -1   1 -1  1
Y=-4   1  1  1   1  1 -1   1  1  1   1  1 -1   1  1  1   1  1 -1   1  1  1   1  1 -1   1  1  1   1  1 -1   1  1  1   1  1 -1   1  1  1   1  1 -1   1  1  1   1  1 -1   1  1  1
Y=-3   1 -1  1   1 -1 -1   1 -1  1   1 -1 -1   1 -1  1   1 -1 -1   1 -1  1   1 -1 -1   1 -1  1   1 -1 -1   1 -1  1   1 -1 -1   1 -1  1   1 -1 -1   1 -1  1   1 -1 -1   1 -1  1
Y=-2   1  1  1   1  1 -1   1  1  1   1  1 -1   1  1  1   1  1 -1   1  1  1   1  1 -1   1  1  1   1  1 -1   1  1  1   1  1 -1   1  1  1   1  1 -1   1  1  1   1  1 -1   1  1  1
Y=-1   1 -1  1   1 -1 -1   1 -1  1   1 -1 -1   1 -1  1   1 -1 -1   1 -1  1   1 -1 -1   1 -1  1   1 -1 -1   1 -1  1   1 -1 -1   1 -1  1   1 -1 -1   1 -1  1   1 -1 -1   1 -1  1
Y= 0   1  1  1   1  1 -1   1  1  1   1  1 -1   1  1  1   1  1 -1   1  1  1   1  1 -1   1  1  1   1  1 -1   1  1  1   1  1 -1   1  1  1   1  1 -1   1  1  1   1  1 -1   1  1  1
Y= 1   1 -1  1   1 -1 -1   1 -1  1   1 -1 -1   1 -1  1   1 -1 -1   1 -1  1   1 -1 -1   1 -1  1   1 -1 -1   1 -1  1   1 -1 -1   1 -1  1   1 -1 -1   1 -1  1   1 -1 -1   1 -1  1
Y= 2   1  1  1   1  1 -1   1  1  1   1  1 -1   1  1  1   1  1 -1   1  1  1   1  1 -1   1  1  1   1  1 -1   1  1  1   1  1 -1   1  1  1   1  1 -1   1  1  1   1  1 -1   1  1  1
Y= 3   1 -1  1   1 -1 -1   1 -1  1   1 -1 -1   1 -1  1   1 -1 -1   1 -1  1   1 -1 -1   1 -1  1   1 -1 -1   1 -1  1   1 -1 -1   1 -1  1   1 -1 -1   1 -1  1   1 -1 -1   1 -1  1
Y= 4   1  1  1   1  1 -1   1  1  1   1  1 -1   1  1  1   1  1 -1   1  1  1   1  1 -1   1  1  1   1  1 -1   1  1  1   1  1 -1   1  1  1   1  1 -1   1  1  1   1  1 -1   1  1  1
Y= 5   1 -1  1   1 -1 -1   1 -1  1   1 -1 -1   1 -1  1   1 -1 -1   1 -1  1   1 -1 -1   1 -1  1   1 -1 -1   1 -1  1   1 -1 -1   1 -1  1   1 -1 -1   1 -1  1   1 -1 -1   1 -1  1
Y= 6   1  1  1   1  1 -1   1  1  1   1  1 -1   1  1  1   1  1 -1   1  1  1   1  1 -1   1  1  1   1  1 -1   1  1  1   1  1 -1   1  1  1   1  1 -1   1  1  1   1  1 -1   1  1  1
Y= 7   1 -1  1   1 -1 -1   1 -1  1   1 -1 -1   1 -1  1   1 -1 -1   1 -1  1   1 -1 -1   1 -1  1   1 -1 -1   1 -1  1   1 -1 -1   1 -1  1   1 -1 -1   1 -1  1   1 -1 -1   1 -1  1
Y= 8   1  1  1   1  1 -1   1  1  1   1  1 -1   1  1  1   1  1 -1   1  1  1   1  1 -1   1  1  1   1  1 -1   1  1  1   1  1 -1   1  1  1   1  1 -1   1  1  1   1  1 -1   1  1  1


 x: -7    -8        -7        -6        -5        -4        -3        -2        -1         0         1         2         3         4         5         6         7         8    
Y=-8  -1  1  1  -1  1 -1  -1  1  1  -1  1 -1  -1  1  1  -1  1 -1  -1  1  1  -1  1 -1  -1  1  1  -1  1 -1  -1  1  1  -1  1 -1  -1  1  1  -1  1 -1  -1  1  1  -1  1 -1  -1  1  1
Y=-7  -1 -1  1  -1 -1 -1  -1 -1  1  -1 -1 -1  -1 -1  1  -1 -1 -1  -1 -1  1  -1 -1 -1  -1 -1  1  -1 -1 -1  -1 -1  1  -1 -1 -1  -1 -1  1  -1 -1 -1  -1 -1  1  -1 -1 -1  -1 -1  1
Y=-6  -1  1  1  -1  1 -1  -1  1  1  -1  1 -1  -1  1  1  -1  1 -1  -1  1  1  -1  1 -1  -1  1  1  -1  1 -1  -1  1  1  -1  1 -1  -1  1  1  -1  1 -1  -1  1  1  -1  1 -1  -1  1  1
Y=-5  -1 -1  1  -1 -1 -1  -1 -1  1  -1 -1 -1  -1 -1  1  -1 -1 -1  -1 -1  1  -1 -1 -1  -1 -1  1  -1 -1 -1  -1 -1  1  -1 -1 -1  -1 -1  1  -1 -1 -1  -1 -1  1  -1 -1 -1  -1 -1  1
Y=-4  -1  1  1  -1  1 -1  -1  1  1  -1  1 -1  -1  1  1  -1  1 -1  -1  1  1  -1  1 -1  -1  1  1  -1  1 -1  -1  1  1  -1  1 -1  -1  1  1  -1  1 -1  -1  1  1  -1  1 -1  -1  1  1
Y=-3  -1 -1  1  -1 -1 -1  -1 -1  1  -1 -1 -1  -1 -1  1  -1 -1 -1  -1 -1  1  -1 -1 -1  -1 -1  1  -1 -1 -1  -1 -1  1  -1 -1 -1  -1 -1  1  -1 -1 -1  -1 -1  1  -1 -1 -1  -1 -1  1
Y=-2  -1  1  1  -1  1 -1  -1  1  1  -1  1 -1  -1  1  1  -1  1 -1  -1  1  1  -1  1 -1  -1  1  1  -1  1 -1  -1  1  1  -1  1 -1  -1  1  1  -1  1 -1  -1  1  1  -1  1 -1  -1  1  1
Y=-1  -1 -1  1  -1 -1 -1  -1 -1  1  -1 -1 -1  -1 -1  1  -1 -1 -1  -1 -1  1  -1 -1 -1  -1 -1  1  -1 -1 -1  -1 -1  1  -1 -1 -1  -1 -1  1  -1 -1 -1  -1 -1  1  -1 -1 -1  -1 -1  1
Y= 0  -1  1  1  -1  1 -1  -1  1  1  -1  1 -1  -1  1  1  -1  1 -1  -1  1  1  -1  1 -1  -1  1  1  -1  1 -1  -1  1  1  -1  1 -1  -1  1  1  -1  1 -1  -1  1  1  -1  1 -1  -1  1  1
Y= 1  -1 -1  1  -1 -1 -1  -1 -1  1  -1 -1 -1  -1 -1  1  -1 -1 -1  -1 -1  1  -1 -1 -1  -1 -1  1  -1 -1 -1  -1 -1  1  -1 -1 -1  -1 -1  1  -1 -1 -1  -1 -1  1  -1 -1 -1  -1 -1  1
Y= 2  -1  1  1  -1  1 -1  -1  1  1  -1  1 -1  -1  1  1  -1  1 -1  -1  1  1  -1  1 -1  -1  1  1  -1  1 -1  -1  1  1  -1  1 -1  -1  1  1  -1  1 -1  -1  1  1  -1  1 -1  -1  1  1
Y= 3  -1 -1  1  -1 -1 -1  -1 -1  1  -1 -1 -1  -1 -1  1  -1 -1 -1  -1 -1  1  -1 -1 -1  -1 -1  1  -1 -1 -1  -1 -1  1  -1 -1 -1  -1 -1  1  -1 -1 -1  -1 -1  1  -1 -1 -1  -1 -1  1
Y= 4  -1  1  1  -1  1 -1  -1  1  1  -1  1 -1  -1  1  1  -1  1 -1  -1  1  1  -1  1 -1  -1  1  1  -1  1 -1  -1  1  1  -1  1 -1  -1  1  1  -1  1 -1  -1  1  1  -1  1 -1  -1  1  1
Y= 5  -1 -1  1  -1 -1 -1  -1 -1  1  -1 -1 -1  -1 -1  1  -1 -1 -1  -1 -1  1  -1 -1 -1  -1 -1  1  -1 -1 -1  -1 -1  1  -1 -1 -1  -1 -1  1  -1 -1 -1  -1 -1  1  -1 -1 -1  -1 -1  1
Y= 6  -1  1  1  -1  1 -1  -1  1  1  -1  1 -1  -1  1  1  -1  1 -1  -1  1  1  -1  1 -1  -1  1  1  -1  1 -1  -1  1  1  -1  1 -1  -1  1  1  -1  1 -1  -1  1  1  -1  1 -1  -1  1  1
Y= 7  -1 -1  1  -1 -1 -1  -1 -1  1  -1 -1 -1  -1 -1  1  -1 -1 -1  -1 -1  1  -1 -1 -1  -1 -1  1  -1 -1 -1  -1 -1  1  -1 -1 -1  -1 -1  1  -1 -1 -1  -1 -1  1  -1 -1 -1  -1 -1  1
Y= 8  -1  1  1  -1  1 -1  -1  1  1  -1  1 -1  -1  1  1  -1  1 -1  -1  1  1  -1  1 -1  -1  1  1  -1  1 -1  -1  1  1  -1  1 -1  -1  1  1  -1  1 -1  -1  1  1  -1  1 -1  -1  1  1


 x: -6    -8        -7        -6        -5        -4        -3        -2        -1         0         1         2         3         4         5         6         7         8    
Y=-8   1  1  1   1  1 -1   1  1  1   1  1 -1   1  1  1   1  1 -1   1  1  1   1  1 -1   1  1  1   1  1 -1   1  1  1   1  1 -1   1  1  1   1  1 -1   1  1  1   1  1 -1   1  1  1
Y=-7   1 -1  1   1 -1 -1   1 -1  1   1 -1 -1   1 -1  1   1 -1 -1   1 -1  1   1 -1 -1   1 -1  1   1 -1 -1   1 -1  1   1 -1 -1   1 -1  1   1 -1 -1   1 -1  1   1 -1 -1   1 -1  1
Y=-6   1  1  1   1  1 -1   1  1  1   1  1 -1   1  1  1   1  1 -1   1  1  1   1  1 -1   1  1  1   1  1 -1   1  1  1   1  1 -1   1  1  1   1  1 -1   1  1  1   1  1 -1   1  1  1
Y=-5   1 -1  1   1 -1 -1   1 -1  1   1 -1 -1   1 -1  1   1 -1 -1   1 -1  1   1 -1 -1   1 -1  1   1 -1 -1   1 -1  1   1 -1 -1   1 -1  1   1 -1 -1   1 -1  1   1 -1 -1   1 -1  1
Y=-4   1  1  1   1  1 -1   1  1  1   1  1 -1   1  1  1   1  1 -1   1  1  1   1  1 -1   1  1  1   1  1 -1   1  1  1   1  1 -1   1  1  1   1  1 -1   1  1  1   1  1 -1   1  1  1
Y=-3   1 -1  1   1 -1 -1   1 -1  1   1 -1 -1   1 -1  1   1 -1 -1   1 -1  1   1 -1 -1   1 -1  1   1 -1 -1   1 -1  1   1 -1 -1   1 -1  1   1 -1 -1   1 -1  1   1 -1 -1   1 -1  1
Y=-2   1  1  1   1  1 -1   1  1  1   1  1 -1   1  1  1   1  1 -1   1  1  1   1  1 -1   1  1  1   1  1 -1   1  1  1   1  1 -1   1  1  1   1  1 -1   1  1  1   1  1 -1   1  1  1
Y=-1   1 -1  1   1 -1 -1   1 -1  1   1 -1 -1   1 -1  1   1 -1 -1   1 -1  1   1 -1 -1   1 -1  1   1 -1 -1   1 -1  1   1 -1 -1   1 -1  1   1 -1 -1   1 -1  1   1 -1 -1   1 -1  1
Y= 0   1  1  1   1  1 -1   1  1  1   1  1 -1   1  1  1   1  1 -1   1  1  1   1  1 -1   1  1  1   1  1 -1   1  1  1   1  1 -1   1  1  1   1  1 -1   1  1  1   1  1 -1   1  1  1
Y= 1   1 -1  1   1 -1 -1   1 -1  1   1 -1 -1   1 -1  1   1 -1 -1   1 -1  1   1 -1 -1   1 -1  1   1 -1 -1   1 -1  1   1 -1 -1   1 -1  1   1 -1 -1   1 -1  1   1 -1 -1   1 -1  1
Y= 2   1  1  1   1  1 -1   1  1  1   1  1 -1   1  1  1   1  1 -1   1  1  1   1  1 -1   1  1  1   1  1 -1   1  1  1   1  1 -1   1  1  1   1  1 -1   1  1  1   1  1 -1   1  1  1
Y= 3   1 -1  1   1 -1 -1   1 -1  1   1 -1 -1   1 -1  1   1 -1 -1   1 -1  1   1 -1 -1   1 -1  1   1 -1 -1   1 -1  1   1 -1 -1   1 -1  1   1 -1 -1   1 -1  1   1 -1 -1   1 -1  1
Y= 4   1  1  1   1  1 -1   1  1  1   1  1 -1   1  1  1   1  1 -1   1  1  1   1  1 -1   1  1  1   1  1 -1   1  1  1   1  1 -1   1  1  1   1  1 -1   1  1  1   1  1 -1   1  1  1
Y= 5   1 -1  1   1 -1 -1   1 -1  1   1 -1 -1   1 -1  1   1 -1 -1   1 -1  1   1 -1 -1   1 -1  1   1 -1 -1   1 -1  1   1 -1 -1   1 -1  1   1 -1 -1   1 -1  1   1 -1 -1   1 -1  1
Y= 6   1  1  1   1  1 -1   1  1  1   1  1 -1   1  1  1   1  1 -1   1  1  1   1  1 -1   1  1  1   1  1 -1   1  1  1   1  1 -1   1  1  1   1  1 -1   1  1  1   1  1 -1   1  1  1
Y= 7   1 -1  1   1 -1 -1   1 -1  1   1 -1 -1   1 -1  1   1 -1 -1   1 -1  1   1 -1 -1   1 -1  1   1 -1 -1   1 -1  1   1 -1 -1   1 -1  1   1 -1 -1   1 -1  1   1 -1 -1   1 -1  1
Y= 8   1  1  1   1  1 -1   1  1  1   1  1 -1   1  1  1   1  1 -1   1  1  1   1  1 -1   1  1  1   1  1 -1   1  1  1   1  1 -1   1  1  1   1  1 -1   1  1  1   1  1 -1   1  1  1


 x: -5    -8        -7        -6        -5        -4        -3        -2        -1         0         1         2         3         4         5         6         7         8    
Y=-8  -1  1  1  -1  1 -1  -1  1  1  -1  1 -1  -1  1  1  -1  1 -1  -1  1  1  -1  1 -1  -1  1  1  -1  1 -1  -1  1  1  -1  1 -1  -1  1  1  -1  1 -1  -1  1  1  -1  1 -1  -1  1  1
Y=-7  -1 -1  1  -1 -1 -1  -1 -1  1  -1 -1 -1  -1 -1  1  -1 -1 -1  -1 -1  1  -1 -1 -1  -1 -1  1  -1 -1 -1  -1 -1  1  -1 -1 -1  -1 -1  1  -1 -1 -1  -1 -1  1  -1 -1 -1  -1 -1  1
Y=-6  -1  1  1  -1  1 -1  -1  1  1  -1  1 -1  -1  1  1  -1  1 -1  -1  1  1  -1  1 -1  -1  1  1  -1  1 -1  -1  1  1  -1  1 -1  -1  1  1  -1  1 -1  -1  1  1  -1  1 -1  -1  1  1
Y=-5  -1 -1  1  -1 -1 -1  -1 -1  1  -1 -1 -1  -1 -1  1  -1 -1 -1  -1 -1  1  -1 -1 -1  -1 -1  1  -1 -1 -1  -1 -1  1  -1 -1 -1  -1 -1  1  -1 -1 -1  -1 -1  1  -1 -1 -1  -1 -1  1
Y=-4  -1  1  1  -1  1 -1  -1  1  1  -1  1 -1  -1  1  1  -1  1 -1  -1  1  1  -1  1 -1  -1  1  1  -1  1 -1  -1  1  1  -1  1 -1  -1  1  1  -1  1 -1  -1  1  1  -1  1 -1  -1  1  1
Y=-3  -1 -1  1  -1 -1 -1  -1 -1  1  -1 -1 -1  -1 -1  1  -1 -1 -1  -1 -1  1  -1 -1 -1  -1 -1  1  -1 -1 -1  -1 -1  1  -1 -1 -1  -1 -1  1  -1 -1 -1  -1 -1  1  -1 -1 -1  -1 -1  1
Y=-2  -1  1  1  -1  1 -1  -1  1  1  -1  1 -1  -1  1  1  -1  1 -1  -1  1  1  -1  1 -1  -1  1  1  -1  1 -1  -1  1  1  -1  1 -1  -1  1  1  -1  1 -1  -1  1  1  -1  1 -1  -1  1  1
Y=-1  -1 -1  1  -1 -1 -1  -1 -1  1  -1 -1 -1  -1 -1  1  -1 -1 -1  -1 -1  1  -1 -1 -1  -1 -1  1  -1 -1 -1  -1 -1  1  -1 -1 -1  -1 -1  1  -1 -1 -1  -1 -1  1  -1 -1 -1  -1 -1  1
Y= 0  -1  1  1  -1  1 -1  -1  1  1  -1  1 -1  -1  1  1  -1  1 -1  -1  1  1  -1  1 -1  -1  1  1  -1  1 -1  -1  1  1  -1  1 -1  -1  1  1  -1  1 -1  -1  1  1  -1  1 -1  -1  1  1
Y= 1  -1 -1  1  -1 -1 -1  -1 -1  1  -1 -1 -1  -1 -1  1  -1 -1 -1  -1 -1  1  -1 -1 -1  -1 -1  1  -1 -1 -1  -1 -1  1  -1 -1 -1  -1 -1  1  -1 -1 -1  -1 -1  1  -1 -1 -1  -1 -1  1
Y= 2  -1  1  1  -1  1 -1  -1  1  1  -1  1 -1  -1  1  1  -1  1 -1  -1  1  1  -1  1 -1  -1  1  1  -1  1 -1  -1  1  1  -1  1 -1  -1  1  1  -1  1 -1  -1  1  1  -1  1 -1  -1  1  1
Y= 3  -1 -1  1  -1 -1 -1  -1 -1  1  -1 -1 -1  -1 -1  1  -1 -1 -1  -1 -1  1  -1 -1 -1  -1 -1  1  -1 -1 -1  -1 -1  1  -1 -1 -1  -1 -1  1  -1 -1 -1  -1 -1  1  -1 -1 -1  -1 -1  1
Y= 4  -1  1  1  -1  1 -1  -1  1  1  -1  1 -1  -1  1  1  -1  1 -1  -1  1  1  -1  1 -1  -1  1  1  -1  1 -1  -1  1  1  -1  1 -1  -1  1  1  -1  1 -1  -1  1  1  -1  1 -1  -1  1  1
Y= 5  -1 -1  1  -1 -1 -1  -1 -1  1  -1 -1 -1  -1 -1  1  -1 -1 -1  -1 -1  1  -1 -1 -1  -1 -1  1  -1 -1 -1  -1 -1  1  -1 -1 -1  -1 -1  1  -1 -1 -1  -1 -1  1  -1 -1 -1  -1 -1  1
Y= 6  -1  1  1  -1  1 -1  -1  1  1  -1  1 -1  -1  1  1  -1  1 -1  -1  1  1  -1  1 -1  -1  1  1  -1  1 -1  -1  1  1  -1  1 -1  -1  1  1  -1  1 -1  -1  1  1  -1  1 -1  -1  1  1
Y= 7  -1 -1  1  -1 -1 -1  -1 -1  1  -1 -1 -1  -1 -1  1  -1 -1 -1  -1 -1  1  -1 -1 -1  -1 -1  1  -1 -1 -1  -1 -1  1  -1 -1 -1  -1 -1  1  -1 -1 -1  -1 -1  1  -1 -1 -1  -1 -1  1
Y= 8  -1  1  1  -1  1 -1  -1  1  1  -1  1 -1  -1  1  1  -1  1 -1  -1  1  1  -1  1 -1  -1  1  1  -1  1 -1  -1  1  1  -1  1 -1  -1  1  1  -1  1 -1  -1  1  1  -1  1 -1  -1  1  1


 x: -4    -8        -7        -6        -5        -4        -3        -2        -1         0         1         2         3         4         5         6         7         8    
Y=-8   1  1  1   1  1 -1   1  1  1   1  1 -1   1  1  1   1  1 -1   1  1  1   1  1 -1   1  1  1   1  1 -1   1  1  1   1  1 -1   1  1  1   1  1 -1   1  1  1   1  1 -1   1  1  1
Y=-7   1 -1  1   1 -1 -1   1 -1  1   1 -1 -1   1 -1  1   1 -1 -1   1 -1  1   1 -1 -1   1 -1  1   1 -1 -1   1 -1  1   1 -1 -1   1 -1  1   1 -1 -1   1 -1  1   1 -1 -1   1 -1  1
Y=-6   1  1  1   1  1 -1   1  1  1   1  1 -1   1  1  1   1  1 -1   1  1  1   1  1 -1   1  1  1   1  1 -1   1  1  1   1  1 -1   1  1  1   1  1 -1   1  1  1   1  1 -1   1  1  1
Y=-5   1 -1  1   1 -1 -1   1 -1  1   1 -1 -1   1 -1  1   1 -1 -1   1 -1  1   1 -1 -1   1 -1  1   1 -1 -1   1 -1  1   1 -1 -1   1 -1  1   1 -1 -1   1 -1  1   1 -1 -1   1 -1  1
Y=-4   1  1  1   1  1 -1   1  1  1   1  1 -1   1  1  1   1  1 -1   1  1  1   1  1 -1   1  1  1   1  1 -1   1  1  1   1  1 -1   1  1  1   1  1 -1   1  1  1   1  1 -1   1  1  1
Y=-3   1 -1  1   1 -1 -1   1 -1  1   1 -1 -1   1 -1  1   1 -1 -1   1 -1  1   1 -1 -1   1 -1  1   1 -1 -1   1 -1  1   1 -1 -1   1 -1  1   1 -1 -1   1 -1  1   1 -1 -1   1 -1  1
Y=-2   1  1  1   1  1 -1   1  1  1   1  1 -1   1  1  1   1  1 -1   1  1  1   1  1 -1   1  1  1   1  1 -1   1  1  1   1  1 -1   1  1  1   1  1 -1   1  1  1   1  1 -1   1  1  1
Y=-1   1 -1  1   1 -1 -1   1 -1  1   1 -1 -1   1 -1  1   1 -1 -1   1 -1  1   1 -1 -1   1 -1  1   1 -1 -1   1 -1  1   1 -1 -1   1 -1  1   1 -1 -1   1 -1  1   1 -1 -1   1 -1  1
Y= 0   1  1  1   1  1 -1   1  1  1   1  1 -1   1  1  1   1  1 -1   1  1  1   1  1 -1   1  1  1   1  1 -1   1  1  1   1  1 -1   1  1  1   1  1 -1   1  1  1   1  1 -1   1  1  1
Y= 1   1 -1  1   1 -1 -1   1 -1  1   1 -1 -1   1 -1  1   1 -1 -1   1 -1  1   1 -1 -1   1 -1  1   1 -1 -1   1 -1  1   1 -1 -1   1 -1  1   1 -1 -1   1 -1  1   1 -1 -1   1 -1  1
Y= 2   1  1  1   1  1 -1   1  1  1   1  1 -1   1  1  1   1  1 -1   1  1  1   1  1 -1   1  1  1   1  1 -1   1  1  1   1  1 -1   1  1  1   1  1 -1   1  1  1   1  1 -1   1  1  1
Y= 3   1 -1  1   1 -1 -1   1 -1  1   1 -1 -1   1 -1  1   1 -1 -1   1 -1  1   1 -1 -1   1 -1  1   1 -1 -1   1 -1  1   1 -1 -1   1 -1  1   1 -1 -1   1 -1  1   1 -1 -1   1 -1  1
Y= 4   1  1  1   1  1 -1   1  1  1   1  1 -1   1  1  1   1  1 -1   1  1  1   1  1 -1   1  1  1   1  1 -1   1  1  1   1  1 -1   1  1  1   1  1 -1   1  1  1   1  1 -1   1  1  1
Y= 5   1 -1  1   1 -1 -1   1 -1  1   1 -1 -1   1 -1  1   1 -1 -1   1 -1  1   1 -1 -1   1 -1  1   1 -1 -1   1 -1  1   1 -1 -1   1 -1  1   1 -1 -1   1 -1  1   1 -1 -1   1 -1  1
Y= 6   1  1  1   1  1 -1   1  1  1   1  1 -1   1  1  1   1  1 -1   1  1  1   1  1 -1   1  1  1   1  1 -1   1  1  1   1  1 -1   1  1  1   1  1 -1   1  1  1   1  1 -1   1  1  1
Y= 7   1 -1  1   1 -1 -1   1 -1  1   1 -1 -1   1 -1  1   1 -1 -1   1 -1  1   1 -1 -1   1 -1  1   1 -1 -1   1 -1  1   1 -1 -1   1 -1  1   1 -1 -1   1 -1  1   1 -1 -1   1 -1  1
Y= 8   1  1  1   1  1 -1   1  1  1   1  1 -1   1  1  1   1  1 -1   1  1  1   1  1 -1   1  1  1   1  1 -1   1  1  1   1  1 -1   1  1  1   1  1 -1   1  1  1   1  1 -1   1  1  1


 x: -3    -8        -7        -6        -5        -4        -3        -2        -1         0         1         2         3         4         5         6         7         8    
Y=-8  -1  1  1  -1  1 -1  -1  1  1  -1  1 -1  -1  1  1  -1  1 -1  -1  1  1  -1  1 -1  -1  1  1  -1  1 -1  -1  1  1  -1  1 -1  -1  1  1  -1  1 -1  -1  1  1  -1  1 -1  -1  1  1
Y=-7  -1 -1  1  -1 -1 -1  -1 -1  1  -1 -1 -1  -1 -1  1  -1 -1 -1  -1 -1  1  -1 -1 -1  -1 -1  1  -1 -1 -1  -1 -1  1  -1 -1 -1  -1 -1  1  -1 -1 -1  -1 -1  1  -1 -1 -1  -1 -1  1
Y=-6  -1  1  1  -1  1 -1  -1  1  1  -1  1 -1  -1  1  1  -1  1 -1  -1  1  1  -1  1 -1  -1  1  1  -1  1 -1  -1  1  1  -1  1 -1  -1  1  1  -1  1 -1  -1  1  1  -1  1 -1  -1  1  1
Y=-5  -1 -1  1  -1 -1 -1  -1 -1  1  -1 -1 -1  -1 -1  1  -1 -1 -1  -1 -1  1  -1 -1 -1  -1 -1  1  -1 -1 -1  -1 -1  1  -1 -1 -1  -1 -1  1  -1 -1 -1  -1 -1  1  -1 -1 -1  -1 -1  1
Y=-4  -1  1  1  -1  1 -1  -1  1  1  -1  1 -1  -1  1  1  -1  1 -1  -1  1  1  -1  1 -1  -1  1  1  -1  1 -1  -1  1  1  -1  1 -1  -1  1  1  -1  1 -1  -1  1  1  -1  1 -1  -1  1  1
Y=-3  -1 -1  1  -1 -1 -1  -1 -1  1  -1 -1 -1  -1 -1  1  -1 -1 -1  -1 -1  1  -1 -1 -1  -1 -1  1  -1 -1 -1  -1 -1  1  -1 -1 -1  -1 -1  1  -1 -1 -1  -1 -1  1  -1 -1 -1  -1 -1  1
Y=-2  -1  1  1  -1  1 -1  -1  1  1  -1  1 -1  -1  1  1  -1  1 -1  -1  1  1  -1  1 -1  -1  1  1  -1  1 -1  -1  1  1  -1  1 -1  -1  1  1  -1  1 -1  -1  1  1  -1  1 -1  -1  1  1
Y=-1  -1 -1  1  -1 -1 -1  -1 -1  1  -1 -1 -1  -1 -1  1  -1 -1 -1  -1 -1  1  -1 -1 -1  -1 -1  1  -1 -1 -1  -1 -1  1  -1 -1 -1  -1 -1  1  -1 -1 -1  -1 -1  1  -1 -1 -1  -1 -1  1
Y= 0  -1  1  1  -1  1 -1  -1  1  1  -1  1 -1  -1  1  1  -1  1 -1  -1  1  1  -1  1 -1  -1  1  1  -1  1 -1  -1  1  1  -1  1 -1  -1  1  1  -1  1 -1  -1  1  1  -1  1 -1  -1  1  1
Y= 1  -1 -1  1  -1 -1 -1  -1 -1  1  -1 -1 -1  -1 -1  1  -1 -1 -1  -1 -1  1  -1 -1 -1  -1 -1  1  -1 -1 -1  -1 -1  1  -1 -1 -1  -1 -1  1  -1 -1 -1  -1 -1  1  -1 -1 -1  -1 -1  1
Y= 2  -1  1  1  -1  1 -1  -1  1  1  -1  1 -1  -1  1  1  -1  1 -1  -1  1  1  -1  1 -1  -1  1  1  -1  1 -1  -1  1  1  -1  1 -1  -1  1  1  -1  1 -1  -1  1  1  -1  1 -1  -1  1  1
Y= 3  -1 -1  1  -1 -1 -1  -1 -1  1  -1 -1 -1  -1 -1  1  -1 -1 -1  -1 -1  1  -1 -1 -1  -1 -1  1  -1 -1 -1  -1 -1  1  -1 -1 -1  -1 -1  1  -1 -1 -1  -1 -1  1  -1 -1 -1  -1 -1  1
Y= 4  -1  1  1  -1  1 -1  -1  1  1  -1  1 -1  -1  1  1  -1  1 -1  -1  1  1  -1  1 -1  -1  1  1  -1  1 -1  -1  1  1  -1  1 -1  -1  1  1  -1  1 -1  -1  1  1  -1  1 -1  -1  1  1
Y= 5  -1 -1  1  -1 -1 -1  -1 -1  1  -1 -1 -1  -1 -1  1  -1 -1 -1  -1 -1  1  -1 -1 -1  -1 -1  1  -1 -1 -1  -1 -1  1  -1 -1 -1  -1 -1  1  -1 -1 -1  -1 -1  1  -1 -1 -1  -1 -1  1
Y= 6  -1  1  1  -1  1 -1  -1  1  1  -1  1 -1  -1  1  1  -1  1 -1  -1  1  1  -1  1 -1  -1  1  1  -1  1 -1  -1  1  1  -1  1 -1  -1  1  1  -1  1 -1  -1  1  1  -1  1 -1  -1  1  1
Y= 7  -1 -1  1  -1 -1 -1  -1 -1  1  -1 -1 -1  -1 -1  1  -1 -1 -1  -1 -1  1  -1 -1 -1  -1 -1  1  -1 -1 -1  -1 -1  1  -1 -1 -1  -1 -1  1  -1 -1 -1  -1 -1  1  -1 -1 -1  -1 -1  1
Y= 8  -1  1  1  -1  1 -1  -1  1  1  -1  1 -1  -1  1  1  -1  1 -1  -1  1  1  -1  1 -1  -1  1  1  -1  1 -1  -1  1  1  -1  1 -1  -1  1  1  -1  1 -1  -1  1  1  -1  1 -1  -1  1  1


 x: -2    -8        -7        -6        -5        -4        -3        -2        -1         0         1         2         3         4         5         6         7         8    
Y=-8   1  1  1   1  1 -1   1  1  1   1  1 -1   1  1  1   1  1 -1   1  1  1   1  1 -1   1  1  1   1  1 -1   1  1  1   1  1 -1   1  1  1   1  1 -1   1  1  1   1  1 -1   1  1  1
Y=-7   1 -1  1   1 -1 -1   1 -1  1   1 -1 -1   1 -1  1   1 -1 -1   1 -1  1   1 -1 -1   1 -1  1   1 -1 -1   1 -1  1   1 -1 -1   1 -1  1   1 -1 -1   1 -1  1   1 -1 -1   1 -1  1
Y=-6   1  1  1   1  1 -1   1  1  1   1  1 -1   1  1  1   1  1 -1   1  1  1   1  1 -1   1  1  1   1  1 -1   1  1  1   1  1 -1   1  1  1   1  1 -1   1  1  1   1  1 -1   1  1  1
Y=-5   1 -1  1   1 -1 -1   1 -1  1   1 -1 -1   1 -1  1   1 -1 -1   1 -1  1   1 -1 -1   1 -1  1   1 -1 -1   1 -1  1   1 -1 -1   1 -1  1   1 -1 -1   1 -1  1   1 -1 -1   1 -1  1
Y=-4   1  1  1   1  1 -1   1  1  1   1  1 -1   1  1  1   1  1 -1   1  1  1   1  1 -1   1  1  1   1  1 -1   1  1  1   1  1 -1   1  1  1   1  1 -1   1  1  1   1  1 -1   1  1  1
Y=-3   1 -1  1   1 -1 -1   1 -1  1   1 -1 -1   1 -1  1   1 -1 -1   1 -1  1   1 -1 -1   1 -1  1   1 -1 -1   1 -1  1   1 -1 -1   1 -1  1   1 -1 -1   1 -1  1   1 -1 -1   1 -1  1
Y=-2   1  1  1   1  1 -1   1  1  1   1  1 -1   1  1  1   1  1 -1   1  1  1   1  1 -1   1  1  1   1  1 -1   1  1  1   1  1 -1   1  1  1   1  1 -1   1  1  1   1  1 -1   1  1  1
Y=-1   1 -1  1   1 -1 -1   1 -1  1   1 -1 -1   1 -1  1   1 -1 -1   1 -1  1   1 -1 -1   1 -1  1   1 -1 -1   1 -1  1   1 -1 -1   1 -1  1   1 -1 -1   1 -1  1   1 -1 -1   1 -1  1
                                                                                     ***********
Y= 0   1  1  1   1  1 -1   1  1  1   1  1 -1   1  1  1   1  1 -1   1  1  1   1  1 -1   1  1  1   1  1 -1   1  1  1   1  1 -1   1  1  1   1  1 -1   1  1  1   1  1 -1   1  1  1
                                                                                     ***********
Y= 1   1 -1  1   1 -1 -1   1 -1  1   1 -1 -1   1 -1  1   1 -1 -1   1 -1  1   1 -1 -1   1 -1  1   1 -1 -1   1 -1  1   1 -1 -1   1 -1  1   1 -1 -1   1 -1  1   1 -1 -1   1 -1  1
Y= 2   1  1  1   1  1 -1   1  1  1   1  1 -1   1  1  1   1  1 -1   1  1  1   1  1 -1   1  1  1   1  1 -1   1  1  1   1  1 -1   1  1  1   1  1 -1   1  1  1   1  1 -1   1  1  1
Y= 3   1 -1  1   1 -1 -1   1 -1  1   1 -1 -1   1 -1  1   1 -1 -1   1 -1  1   1 -1 -1   1 -1  1   1 -1 -1   1 -1  1   1 -1 -1   1 -1  1   1 -1 -1   1 -1  1   1 -1 -1   1 -1  1
Y= 4   1  1  1   1  1 -1   1  1  1   1  1 -1   1  1  1   1  1 -1   1  1  1   1  1 -1   1  1  1   1  1 -1   1  1  1   1  1 -1   1  1  1   1  1 -1   1  1  1   1  1 -1   1  1  1
Y= 5   1 -1  1   1 -1 -1   1 -1  1   1 -1 -1   1 -1  1   1 -1 -1   1 -1  1   1 -1 -1   1 -1  1   1 -1 -1   1 -1  1   1 -1 -1   1 -1  1   1 -1 -1   1 -1  1   1 -1 -1   1 -1  1
Y= 6   1  1  1   1  1 -1   1  1  1   1  1 -1   1  1  1   1  1 -1   1  1  1   1  1 -1   1  1  1   1  1 -1   1  1  1   1  1 -1   1  1  1   1  1 -1   1  1  1   1  1 -1   1  1  1
Y= 7   1 -1  1   1 -1 -1   1 -1  1   1 -1 -1   1 -1  1   1 -1 -1   1 -1  1   1 -1 -1   1 -1  1   1 -1 -1   1 -1  1   1 -1 -1   1 -1  1   1 -1 -1   1 -1  1   1 -1 -1   1 -1  1
Y= 8   1  1  1   1  1 -1   1  1  1   1  1 -1   1  1  1   1  1 -1   1  1  1   1  1 -1   1  1  1   1  1 -1   1  1  1   1  1 -1   1  1  1   1  1 -1   1  1  1   1  1 -1   1  1  1


 x: -1    -8        -7        -6        -5        -4        -3        -2        -1         0         1         2         3         4         5         6         7         8    
Y=-8  -1  1  1  -1  1 -1  -1  1  1  -1  1 -1  -1  1  1  -1  1 -1  -1  1  1  -1  1 -1  -1  1  1  -1  1 -1  -1  1  1  -1  1 -1  -1  1  1  -1  1 -1  -1  1  1  -1  1 -1  -1  1  1
Y=-7  -1 -1  1  -1 -1 -1  -1 -1  1  -1 -1 -1  -1 -1  1  -1 -1 -1  -1 -1  1  -1 -1 -1  -1 -1  1  -1 -1 -1  -1 -1  1  -1 -1 -1  -1 -1  1  -1 -1 -1  -1 -1  1  -1 -1 -1  -1 -1  1
Y=-6  -1  1  1  -1  1 -1  -1  1  1  -1  1 -1  -1  1  1  -1  1 -1  -1  1  1  -1  1 -1  -1  1  1  -1  1 -1  -1  1  1  -1  1 -1  -1  1  1  -1  1 -1  -1  1  1  -1  1 -1  -1  1  1
Y=-5  -1 -1  1  -1 -1 -1  -1 -1  1  -1 -1 -1  -1 -1  1  -1 -1 -1  -1 -1  1  -1 -1 -1  -1 -1  1  -1 -1 -1  -1 -1  1  -1 -1 -1  -1 -1  1  -1 -1 -1  -1 -1  1  -1 -1 -1  -1 -1  1
Y=-4  -1  1  1  -1  1 -1  -1  1  1  -1  1 -1  -1  1  1  -1  1 -1  -1  1  1  -1  1 -1  -1  1  1  -1  1 -1  -1  1  1  -1  1 -1  -1  1  1  -1  1 -1  -1  1  1  -1  1 -1  -1  1  1
Y=-3  -1 -1  1  -1 -1 -1  -1 -1  1  -1 -1 -1  -1 -1  1  -1 -1 -1  -1 -1  1  -1 -1 -1  -1 -1  1  -1 -1 -1  -1 -1  1  -1 -1 -1  -1 -1  1  -1 -1 -1  -1 -1  1  -1 -1 -1  -1 -1  1
Y=-2  -1  1  1  -1  1 -1  -1  1  1  -1  1 -1  -1  1  1  -1  1 -1  -1  1  1  -1  1 -1  -1  1  1  -1  1 -1  -1  1  1  -1  1 -1  -1  1  1  -1  1 -1  -1  1  1  -1  1 -1  -1  1  1
Y=-1  -1 -1  1  -1 -1 -1  -1 -1  1  -1 -1 -1  -1 -1  1  -1 -1 -1  -1 -1  1  -1 -1 -1  -1 -1  1  -1 -1 -1  -1 -1  1  -1 -1 -1  -1 -1  1  -1 -1 -1  -1 -1  1  -1 -1 -1  -1 -1  1
                                                                                     ***********
Y= 0  -1  1  1  -1  1 -1  -1  1  1  -1  1 -1  -1  1  1  -1  1 -1  -1  1  1  -1  1 -1  -1  1  1  -1  1 -1  -1  1  1  -1  1 -1  -1  1  1  -1  1 -1  -1  1  1  -1  1 -1  -1  1  1
                                                                                     ***********
Y= 1  -1 -1  1  -1 -1 -1  -1 -1  1  -1 -1 -1  -1 -1  1  -1 -1 -1  -1 -1  1  -1 -1 -1  -1 -1  1  -1 -1 -1  -1 -1  1  -1 -1 -1  -1 -1  1  -1 -1 -1  -1 -1  1  -1 -1 -1  -1 -1  1
Y= 2  -1  1  1  -1  1 -1  -1  1  1  -1  1 -1  -1  1  1  -1  1 -1  -1  1  1  -1  1 -1  -1  1  1  -1  1 -1  -1  1  1  -1  1 -1  -1  1  1  -1  1 -1  -1  1  1  -1  1 -1  -1  1  1
Y= 3  -1 -1  1  -1 -1 -1  -1 -1  1  -1 -1 -1  -1 -1  1  -1 -1 -1  -1 -1  1  -1 -1 -1  -1 -1  1  -1 -1 -1  -1 -1  1  -1 -1 -1  -1 -1  1  -1 -1 -1  -1 -1  1  -1 -1 -1  -1 -1  1
Y= 4  -1  1  1  -1  1 -1  -1  1  1  -1  1 -1  -1  1  1  -1  1 -1  -1  1  1  -1  1 -1  -1  1  1  -1  1 -1  -1  1  1  -1  1 -1  -1  1  1  -1  1 -1  -1  1  1  -1  1 -1  -1  1  1
Y= 5  -1 -1  1  -1 -1 -1  -1 -1  1  -1 -1 -1  -1 -1  1  -1 -1 -1  -1 -1  1  -1 -1 -1  -1 -1  1  -1 -1 -1  -1 -1  1  -1 -1 -1  -1 -1  1  -1 -1 -1  -1 -1  1  -1 -1 -1  -1 -1  1
Y= 6  -1  1  1  -1  1 -1  -1  1  1  -1  1 -1  -1  1  1  -1  1 -1  -1  1  1  -1  1 -1  -1  1  1  -1  1 -1  -1  1  1  -1  1 -1  -1  1  1  -1  1 -1  -1  1  1  -1  1 -1  -1  1  1
Y= 7  -1 -1  1  -1 -1 -1  -1 -1  1  -1 -1 -1  -1 -1  1  -1 -1 -1  -1 -1  1  -1 -1 -1  -1 -1  1  -1 -1 -1  -1 -1  1  -1 -1 -1  -1 -1  1  -1 -1 -1  -1 -1  1  -1 -1 -1  -1 -1  1
Y= 8  -1  1  1  -1  1 -1  -1  1  1  -1  1 -1  -1  1  1  -1  1 -1  -1  1  1  -1  1 -1  -1  1  1  -1  1 -1  -1  1  1  -1  1 -1  -1  1  1  -1  1 -1  -1  1  1  -1  1 -1  -1  1  1


 x:  0    -8        -7        -6        -5        -4        -3        -2        -1         0         1         2         3         4         5         6         7         8    
Y=-8   1  1  1   1  1 -1   1  1  1   1  1 -1   1  1  1   1  1 -1   1  1  1   1  1 -1   1  1  1   1  1 -1   1  1  1   1  1 -1   1  1  1   1  1 -1   1  1  1   1  1 -1   1  1  1
Y=-7   1 -1  1   1 -1 -1   1 -1  1   1 -1 -1   1 -1  1   1 -1 -1   1 -1  1   1 -1 -1   1 -1  1   1 -1 -1   1 -1  1   1 -1 -1   1 -1  1   1 -1 -1   1 -1  1   1 -1 -1   1 -1  1
Y=-6   1  1  1   1  1 -1   1  1  1   1  1 -1   1  1  1   1  1 -1   1  1  1   1  1 -1   1  1  1   1  1 -1   1  1  1   1  1 -1   1  1  1   1  1 -1   1  1  1   1  1 -1   1  1  1
Y=-5   1 -1  1   1 -1 -1   1 -1  1   1 -1 -1   1 -1  1   1 -1 -1   1 -1  1   1 -1 -1   1 -1  1   1 -1 -1   1 -1  1   1 -1 -1   1 -1  1   1 -1 -1   1 -1  1   1 -1 -1   1 -1  1
Y=-4   1  1  1   1  1 -1   1  1  1   1  1 -1   1  1  1   1  1 -1   1  1  1   1  1 -1   1  1  1   1  1 -1   1  1  1   1  1 -1   1  1  1   1  1 -1   1  1  1   1  1 -1   1  1  1
Y=-3   1 -1  1   1 -1 -1   1 -1  1   1 -1 -1   1 -1  1   1 -1 -1   1 -1  1   1 -1 -1   1 -1  1   1 -1 -1   1 -1  1   1 -1 -1   1 -1  1   1 -1 -1   1 -1  1   1 -1 -1   1 -1  1
Y=-2   1  1  1   1  1 -1   1  1  1   1  1 -1   1  1  1   1  1 -1   1  1  1   1  1 -1   1  1  1   1  1 -1   1  1  1   1  1 -1   1  1  1   1  1 -1   1  1  1   1  1 -1   1  1  1
Y=-1   1 -1  1   1 -1 -1   1 -1  1   1 -1 -1   1 -1  1   1 -1 -1   1 -1  1   1 -1 -1   1 -1  1   1 -1 -1   1 -1  1   1 -1 -1   1 -1  1   1 -1 -1   1 -1  1   1 -1 -1   1 -1  1
                                                                                     ***********
Y= 0   1  1  1   1  1 -1   1  1  1   1  1 -1   1  1  1   1  1 -1   1  1  1   1  1 -1 * 1  1  1 * 1  1 -1   1  1  1   1  1 -1   1  1  1   1  1 -1   1  1  1   1  1 -1   1  1  1
                                                                                     ***********
Y= 1   1 -1  1   1 -1 -1   1 -1  1   1 -1 -1   1 -1  1   1 -1 -1   1 -1  1   1 -1 -1   1 -1  1   1 -1 -1   1 -1  1   1 -1 -1   1 -1  1   1 -1 -1   1 -1  1   1 -1 -1   1 -1  1
Y= 2   1  1  1   1  1 -1   1  1  1   1  1 -1   1  1  1   1  1 -1   1  1  1   1  1 -1   1  1  1   1  1 -1   1  1  1   1  1 -1   1  1  1   1  1 -1   1  1  1   1  1 -1   1  1  1
Y= 3   1 -1  1   1 -1 -1   1 -1  1   1 -1 -1   1 -1  1   1 -1 -1   1 -1  1   1 -1 -1   1 -1  1   1 -1 -1   1 -1  1   1 -1 -1   1 -1  1   1 -1 -1   1 -1  1   1 -1 -1   1 -1  1
Y= 4   1  1  1   1  1 -1   1  1  1   1  1 -1   1  1  1   1  1 -1   1  1  1   1  1 -1   1  1  1   1  1 -1   1  1  1   1  1 -1   1  1  1   1  1 -1   1  1  1   1  1 -1   1  1  1
Y= 5   1 -1  1   1 -1 -1   1 -1  1   1 -1 -1   1 -1  1   1 -1 -1   1 -1  1   1 -1 -1   1 -1  1   1 -1 -1   1 -1  1   1 -1 -1   1 -1  1   1 -1 -1   1 -1  1   1 -1 -1   1 -1  1
Y= 6   1  1  1   1  1 -1   1  1  1   1  1 -1   1  1  1   1  1 -1   1  1  1   1  1 -1   1  1  1   1  1 -1   1  1  1   1  1 -1   1  1  1   1  1 -1   1  1  1   1  1 -1   1  1  1
Y= 7   1 -1  1   1 -1 -1   1 -1  1   1 -1 -1   1 -1  1   1 -1 -1   1 -1  1   1 -1 -1   1 -1  1   1 -1 -1   1 -1  1   1 -1 -1   1 -1  1   1 -1 -1   1 -1  1   1 -1 -1   1 -1  1
Y= 8   1  1  1   1  1 -1   1  1  1   1  1 -1   1  1  1   1  1 -1   1  1  1   1  1 -1   1  1  1   1  1 -1   1  1  1   1  1 -1   1  1  1   1  1 -1   1  1  1   1  1 -1   1  1  1


 x:  1    -8        -7        -6        -5        -4        -3        -2        -1         0         1         2         3         4         5         6         7         8    
Y=-8  -1  1  1  -1  1 -1  -1  1  1  -1  1 -1  -1  1  1  -1  1 -1  -1  1  1  -1  1 -1  -1  1  1  -1  1 -1  -1  1  1  -1  1 -1  -1  1  1  -1  1 -1  -1  1  1  -1  1 -1  -1  1  1
Y=-7  -1 -1  1  -1 -1 -1  -1 -1  1  -1 -1 -1  -1 -1  1  -1 -1 -1  -1 -1  1  -1 -1 -1  -1 -1  1  -1 -1 -1  -1 -1  1  -1 -1 -1  -1 -1  1  -1 -1 -1  -1 -1  1  -1 -1 -1  -1 -1  1
Y=-6  -1  1  1  -1  1 -1  -1  1  1  -1  1 -1  -1  1  1  -1  1 -1  -1  1  1  -1  1 -1  -1  1  1  -1  1 -1  -1  1  1  -1  1 -1  -1  1  1  -1  1 -1  -1  1  1  -1  1 -1  -1  1  1
Y=-5  -1 -1  1  -1 -1 -1  -1 -1  1  -1 -1 -1  -1 -1  1  -1 -1 -1  -1 -1  1  -1 -1 -1  -1 -1  1  -1 -1 -1  -1 -1  1  -1 -1 -1  -1 -1  1  -1 -1 -1  -1 -1  1  -1 -1 -1  -1 -1  1
Y=-4  -1  1  1  -1  1 -1  -1  1  1  -1  1 -1  -1  1  1  -1  1 -1  -1  1  1  -1  1 -1  -1  1  1  -1  1 -1  -1  1  1  -1  1 -1  -1  1  1  -1  1 -1  -1  1  1  -1  1 -1  -1  1  1
Y=-3  -1 -1  1  -1 -1 -1  -1 -1  1  -1 -1 -1  -1 -1  1  -1 -1 -1  -1 -1  1  -1 -1 -1  -1 -1  1  -1 -1 -1  -1 -1  1  -1 -1 -1  -1 -1  1  -1 -1 -1  -1 -1  1  -1 -1 -1  -1 -1  1
Y=-2  -1  1  1  -1  1 -1  -1  1  1  -1  1 -1  -1  1  1  -1  1 -1  -1  1  1  -1  1 -1  -1  1  1  -1  1 -1  -1  1  1  -1  1 -1  -1  1  1  -1  1 -1  -1  1  1  -1  1 -1  -1  1  1
Y=-1  -1 -1  1  -1 -1 -1  -1 -1  1  -1 -1 -1  -1 -1  1  -1 -1 -1  -1 -1  1  -1 -1 -1  -1 -1  1  -1 -1 -1  -1 -1  1  -1 -1 -1  -1 -1  1  -1 -1 -1  -1 -1  1  -1 -1 -1  -1 -1  1
                                                                                     ***********
Y= 0  -1  1  1  -1  1 -1  -1  1  1  -1  1 -1  -1  1  1  -1  1 -1  -1  1  1  -1  1 -1  -1  1  1  -1  1 -1  -1  1  1  -1  1 -1  -1  1  1  -1  1 -1  -1  1  1  -1  1 -1  -1  1  1
                                                                                     ***********
Y= 1  -1 -1  1  -1 -1 -1  -1 -1  1  -1 -1 -1  -1 -1  1  -1 -1 -1  -1 -1  1  -1 -1 -1  -1 -1  1  -1 -1 -1  -1 -1  1  -1 -1 -1  -1 -1  1  -1 -1 -1  -1 -1  1  -1 -1 -1  -1 -1  1
Y= 2  -1  1  1  -1  1 -1  -1  1  1  -1  1 -1  -1  1  1  -1  1 -1  -1  1  1  -1  1 -1  -1  1  1  -1  1 -1  -1  1  1  -1  1 -1  -1  1  1  -1  1 -1  -1  1  1  -1  1 -1  -1  1  1
Y= 3  -1 -1  1  -1 -1 -1  -1 -1  1  -1 -1 -1  -1 -1  1  -1 -1 -1  -1 -1  1  -1 -1 -1  -1 -1  1  -1 -1 -1  -1 -1  1  -1 -1 -1  -1 -1  1  -1 -1 -1  -1 -1  1  -1 -1 -1  -1 -1  1
Y= 4  -1  1  1  -1  1 -1  -1  1  1  -1  1 -1  -1  1  1  -1  1 -1  -1  1  1  -1  1 -1  -1  1  1  -1  1 -1  -1  1  1  -1  1 -1  -1  1  1  -1  1 -1  -1  1  1  -1  1 -1  -1  1  1
Y= 5  -1 -1  1  -1 -1 -1  -1 -1  1  -1 -1 -1  -1 -1  1  -1 -1 -1  -1 -1  1  -1 -1 -1  -1 -1  1  -1 -1 -1  -1 -1  1  -1 -1 -1  -1 -1  1  -1 -1 -1  -1 -1  1  -1 -1 -1  -1 -1  1
Y= 6  -1  1  1  -1  1 -1  -1  1  1  -1  1 -1  -1  1  1  -1  1 -1  -1  1  1  -1  1 -1  -1  1  1  -1  1 -1  -1  1  1  -1  1 -1  -1  1  1  -1  1 -1  -1  1  1  -1  1 -1  -1  1  1
Y= 7  -1 -1  1  -1 -1 -1  -1 -1  1  -1 -1 -1  -1 -1  1  -1 -1 -1  -1 -1  1  -1 -1 -1  -1 -1  1  -1 -1 -1  -1 -1  1  -1 -1 -1  -1 -1  1  -1 -1 -1  -1 -1  1  -1 -1 -1  -1 -1  1
Y= 8  -1  1  1  -1  1 -1  -1  1  1  -1  1 -1  -1  1  1  -1  1 -1  -1  1  1  -1  1 -1  -1  1  1  -1  1 -1  -1  1  1  -1  1 -1  -1  1  1  -1  1 -1  -1  1  1  -1  1 -1  -1  1  1


 x:  2    -8        -7        -6        -5        -4        -3        -2        -1         0         1         2         3         4         5         6         7         8    
Y=-8   1  1  1   1  1 -1   1  1  1   1  1 -1   1  1  1   1  1 -1   1  1  1   1  1 -1   1  1  1   1  1 -1   1  1  1   1  1 -1   1  1  1   1  1 -1   1  1  1   1  1 -1   1  1  1
Y=-7   1 -1  1   1 -1 -1   1 -1  1   1 -1 -1   1 -1  1   1 -1 -1   1 -1  1   1 -1 -1   1 -1  1   1 -1 -1   1 -1  1   1 -1 -1   1 -1  1   1 -1 -1   1 -1  1   1 -1 -1   1 -1  1
Y=-6   1  1  1   1  1 -1   1  1  1   1  1 -1   1  1  1   1  1 -1   1  1  1   1  1 -1   1  1  1   1  1 -1   1  1  1   1  1 -1   1  1  1   1  1 -1   1  1  1   1  1 -1   1  1  1
Y=-5   1 -1  1   1 -1 -1   1 -1  1   1 -1 -1   1 -1  1   1 -1 -1   1 -1  1   1 -1 -1   1 -1  1   1 -1 -1   1 -1  1   1 -1 -1   1 -1  1   1 -1 -1   1 -1  1   1 -1 -1   1 -1  1
Y=-4   1  1  1   1  1 -1   1  1  1   1  1 -1   1  1  1   1  1 -1   1  1  1   1  1 -1   1  1  1   1  1 -1   1  1  1   1  1 -1   1  1  1   1  1 -1   1  1  1   1  1 -1   1  1  1
Y=-3   1 -1  1   1 -1 -1   1 -1  1   1 -1 -1   1 -1  1   1 -1 -1   1 -1  1   1 -1 -1   1 -1  1   1 -1 -1   1 -1  1   1 -1 -1   1 -1  1   1 -1 -1   1 -1  1   1 -1 -1   1 -1  1
Y=-2   1  1  1   1  1 -1   1  1  1   1  1 -1   1  1  1   1  1 -1   1  1  1   1  1 -1   1  1  1   1  1 -1   1  1  1   1  1 -1   1  1  1   1  1 -1   1  1  1   1  1 -1   1  1  1
Y=-1   1 -1  1   1 -1 -1   1 -1  1   1 -1 -1   1 -1  1   1 -1 -1   1 -1  1   1 -1 -1   1 -1  1   1 -1 -1   1 -1  1   1 -1 -1   1 -1  1   1 -1 -1   1 -1  1   1 -1 -1   1 -1  1
                                                                                     ***********
Y= 0   1  1  1   1  1 -1   1  1  1   1  1 -1   1  1  1   1  1 -1   1  1  1   1  1 -1   1  1  1   1  1 -1   1  1  1   1  1 -1   1  1  1   1  1 -1   1  1  1   1  1 -1   1  1  1
                                                                                     ***********
Y= 1   1 -1  1   1 -1 -1   1 -1  1   1 -1 -1   1 -1  1   1 -1 -1   1 -1  1   1 -1 -1   1 -1  1   1 -1 -1   1 -1  1   1 -1 -1   1 -1  1   1 -1 -1   1 -1  1   1 -1 -1   1 -1  1
Y= 2   1  1  1   1  1 -1   1  1  1   1  1 -1   1  1  1   1  1 -1   1  1  1   1  1 -1   1  1  1   1  1 -1   1  1  1   1  1 -1   1  1  1   1  1 -1   1  1  1   1  1 -1   1  1  1
Y= 3   1 -1  1   1 -1 -1   1 -1  1   1 -1 -1   1 -1  1   1 -1 -1   1 -1  1   1 -1 -1   1 -1  1   1 -1 -1   1 -1  1   1 -1 -1   1 -1  1   1 -1 -1   1 -1  1   1 -1 -1   1 -1  1
Y= 4   1  1  1   1  1 -1   1  1  1   1  1 -1   1  1  1   1  1 -1   1  1  1   1  1 -1   1  1  1   1  1 -1   1  1  1   1  1 -1   1  1  1   1  1 -1   1  1  1   1  1 -1   1  1  1
Y= 5   1 -1  1   1 -1 -1   1 -1  1   1 -1 -1   1 -1  1   1 -1 -1   1 -1  1   1 -1 -1   1 -1  1   1 -1 -1   1 -1  1   1 -1 -1   1 -1  1   1 -1 -1   1 -1  1   1 -1 -1   1 -1  1
Y= 6   1  1  1   1  1 -1   1  1  1   1  1 -1   1  1  1   1  1 -1   1  1  1   1  1 -1   1  1  1   1  1 -1   1  1  1   1  1 -1   1  1  1   1  1 -1   1  1  1   1  1 -1   1  1  1
Y= 7   1 -1  1   1 -1 -1   1 -1  1   1 -1 -1   1 -1  1   1 -1 -1   1 -1  1   1 -1 -1   1 -1  1   1 -1 -1   1 -1  1   1 -1 -1   1 -1  1   1 -1 -1   1 -1  1   1 -1 -1   1 -1  1
Y= 8   1  1  1   1  1 -1   1  1  1   1  1 -1   1  1  1   1  1 -1   1  1  1   1  1 -1   1  1  1   1  1 -1   1  1  1   1  1 -1   1  1  1   1  1 -1   1  1  1   1  1 -1   1  1  1


 x:  3    -8        -7        -6        -5        -4        -3        -2        -1         0         1         2         3         4         5         6         7         8    
Y=-8  -1  1  1  -1  1 -1  -1  1  1  -1  1 -1  -1  1  1  -1  1 -1  -1  1  1  -1  1 -1  -1  1  1  -1  1 -1  -1  1  1  -1  1 -1  -1  1  1  -1  1 -1  -1  1  1  -1  1 -1  -1  1  1
Y=-7  -1 -1  1  -1 -1 -1  -1 -1  1  -1 -1 -1  -1 -1  1  -1 -1 -1  -1 -1  1  -1 -1 -1  -1 -1  1  -1 -1 -1  -1 -1  1  -1 -1 -1  -1 -1  1  -1 -1 -1  -1 -1  1  -1 -1 -1  -1 -1  1
Y=-6  -1  1  1  -1  1 -1  -1  1  1  -1  1 -1  -1  1  1  -1  1 -1  -1  1  1  -1  1 -1  -1  1  1  -1  1 -1  -1  1  1  -1  1 -1  -1  1  1  -1  1 -1  -1  1  1  -1  1 -1  -1  1  1
Y=-5  -1 -1  1  -1 -1 -1  -1 -1  1  -1 -1 -1  -1 -1  1  -1 -1 -1  -1 -1  1  -1 -1 -1  -1 -1  1  -1 -1 -1  -1 -1  1  -1 -1 -1  -1 -1  1  -1 -1 -1  -1 -1  1  -1 -1 -1  -1 -1  1
Y=-4  -1  1  1  -1  1 -1  -1  1  1  -1  1 -1  -1  1  1  -1  1 -1  -1  1  1  -1  1 -1  -1  1  1  -1  1 -1  -1  1  1  -1  1 -1  -1  1  1  -1  1 -1  -1  1  1  -1  1 -1  -1  1  1
Y=-3  -1 -1  1  -1 -1 -1  -1 -1  1  -1 -1 -1  -1 -1  1  -1 -1 -1  -1 -1  1  -1 -1 -1  -1 -1  1  -1 -1 -1  -1 -1  1  -1 -1 -1  -1 -1  1  -1 -1 -1  -1 -1  1  -1 -1 -1  -1 -1  1
Y=-2  -1  1  1  -1  1 -1  -1  1  1  -1  1 -1  -1  1  1  -1  1 -1  -1  1  1  -1  1 -1  -1  1  1  -1  1 -1  -1  1  1  -1  1 -1  -1  1  1  -1  1 -1  -1  1  1  -1  1 -1  -1  1  1
Y=-1  -1 -1  1  -1 -1 -1  -1 -1  1  -1 -1 -1  -1 -1  1  -1 -1 -1  -1 -1  1  -1 -1 -1  -1 -1  1  -1 -1 -1  -1 -1  1  -1 -1 -1  -1 -1  1  -1 -1 -1  -1 -1  1  -1 -1 -1  -1 -1  1
Y= 0  -1  1  1  -1  1 -1  -1  1  1  -1  1 -1  -1  1  1  -1  1 -1  -1  1  1  -1  1 -1  -1  1  1  -1  1 -1  -1  1  1  -1  1 -1  -1  1  1  -1  1 -1  -1  1  1  -1  1 -1  -1  1  1
Y= 1  -1 -1  1  -1 -1 -1  -1 -1  1  -1 -1 -1  -1 -1  1  -1 -1 -1  -1 -1  1  -1 -1 -1  -1 -1  1  -1 -1 -1  -1 -1  1  -1 -1 -1  -1 -1  1  -1 -1 -1  -1 -1  1  -1 -1 -1  -1 -1  1
Y= 2  -1  1  1  -1  1 -1  -1  1  1  -1  1 -1  -1  1  1  -1  1 -1  -1  1  1  -1  1 -1  -1  1  1  -1  1 -1  -1  1  1  -1  1 -1  -1  1  1  -1  1 -1  -1  1  1  -1  1 -1  -1  1  1
Y= 3  -1 -1  1  -1 -1 -1  -1 -1  1  -1 -1 -1  -1 -1  1  -1 -1 -1  -1 -1  1  -1 -1 -1  -1 -1  1  -1 -1 -1  -1 -1  1  -1 -1 -1  -1 -1  1  -1 -1 -1  -1 -1  1  -1 -1 -1  -1 -1  1
Y= 4  -1  1  1  -1  1 -1  -1  1  1  -1  1 -1  -1  1  1  -1  1 -1  -1  1  1  -1  1 -1  -1  1  1  -1  1 -1  -1  1  1  -1  1 -1  -1  1  1  -1  1 -1  -1  1  1  -1  1 -1  -1  1  1
Y= 5  -1 -1  1  -1 -1 -1  -1 -1  1  -1 -1 -1  -1 -1  1  -1 -1 -1  -1 -1  1  -1 -1 -1  -1 -1  1  -1 -1 -1  -1 -1  1  -1 -1 -1  -1 -1  1  -1 -1 -1  -1 -1  1  -1 -1 -1  -1 -1  1
Y= 6  -1  1  1  -1  1 -1  -1  1  1  -1  1 -1  -1  1  1  -1  1 -1  -1  1  1  -1  1 -1  -1  1  1  -1  1 -1  -1  1  1  -1  1 -1  -1  1  1  -1  1 -1  -1  1  1  -1  1 -1  -1  1  1
Y= 7  -1 -1  1  -1 -1 -1  -1 -1  1  -1 -1 -1  -1 -1  1  -1 -1 -1  -1 -1  1  -1 -1 -1  -1 -1  1  -1 -1 -1  -1 -1  1  -1 -1 -1  -1 -1  1  -1 -1 -1  -1 -1  1  -1 -1 -1  -1 -1  1
Y= 8  -1  1  1  -1  1 -1  -1  1  1  -1  1 -1  -1  1  1  -1  1 -1  -1  1  1  -1  1 -1  -1  1  1  -1  1 -1  -1  1  1  -1  1 -1  -1  1  1  -1  1 -1  -1  1  1  -1  1 -1  -1  1  1


 x:  4    -8        -7        -6        -5        -4        -3        -2        -1         0         1         2         3         4         5         6         7         8    
Y=-8   1  1  1   1  1 -1   1  1  1   1  1 -1   1  1  1   1  1 -1   1  1  1   1  1 -1   1  1  1   1  1 -1   1  1  1   1  1 -1   1  1  1   1  1 -1   1  1  1   1  1 -1   1  1  1
Y=-7   1 -1  1   1 -1 -1   1 -1  1   1 -1 -1   1 -1  1   1 -1 -1   1 -1  1   1 -1 -1   1 -1  1   1 -1 -1   1 -1  1   1 -1 -1   1 -1  1   1 -1 -1   1 -1  1   1 -1 -1   1 -1  1
Y=-6   1  1  1   1  1 -1   1  1  1   1  1 -1   1  1  1   1  1 -1   1  1  1   1  1 -1   1  1  1   1  1 -1   1  1  1   1  1 -1   1  1  1   1  1 -1   1  1  1   1  1 -1   1  1  1
Y=-5   1 -1  1   1 -1 -1   1 -1  1   1 -1 -1   1 -1  1   1 -1 -1   1 -1  1   1 -1 -1   1 -1  1   1 -1 -1   1 -1  1   1 -1 -1   1 -1  1   1 -1 -1   1 -1  1   1 -1 -1   1 -1  1
Y=-4   1  1  1   1  1 -1   1  1  1   1  1 -1   1  1  1   1  1 -1   1  1  1   1  1 -1   1  1  1   1  1 -1   1  1  1   1  1 -1   1  1  1   1  1 -1   1  1  1   1  1 -1   1  1  1
Y=-3   1 -1  1   1 -1 -1   1 -1  1   1 -1 -1   1 -1  1   1 -1 -1   1 -1  1   1 -1 -1   1 -1  1   1 -1 -1   1 -1  1   1 -1 -1   1 -1  1   1 -1 -1   1 -1  1   1 -1 -1   1 -1  1
Y=-2   1  1  1   1  1 -1   1  1  1   1  1 -1   1  1  1   1  1 -1   1  1  1   1  1 -1   1  1  1   1  1 -1   1  1  1   1  1 -1   1  1  1   1  1 -1   1  1  1   1  1 -1   1  1  1
Y=-1   1 -1  1   1 -1 -1   1 -1  1   1 -1 -1   1 -1  1   1 -1 -1   1 -1  1   1 -1 -1   1 -1  1   1 -1 -1   1 -1  1   1 -1 -1   1 -1  1   1 -1 -1   1 -1  1   1 -1 -1   1 -1  1
Y= 0   1  1  1   1  1 -1   1  1  1   1  1 -1   1  1  1   1  1 -1   1  1  1   1  1 -1   1  1  1   1  1 -1   1  1  1   1  1 -1   1  1  1   1  1 -1   1  1  1   1  1 -1   1  1  1
Y= 1   1 -1  1   1 -1 -1   1 -1  1   1 -1 -1   1 -1  1   1 -1 -1   1 -1  1   1 -1 -1   1 -1  1   1 -1 -1   1 -1  1   1 -1 -1   1 -1  1   1 -1 -1   1 -1  1   1 -1 -1   1 -1  1
Y= 2   1  1  1   1  1 -1   1  1  1   1  1 -1   1  1  1   1  1 -1   1  1  1   1  1 -1   1  1  1   1  1 -1   1  1  1   1  1 -1   1  1  1   1  1 -1   1  1  1   1  1 -1   1  1  1
Y= 3   1 -1  1   1 -1 -1   1 -1  1   1 -1 -1   1 -1  1   1 -1 -1   1 -1  1   1 -1 -1   1 -1  1   1 -1 -1   1 -1  1   1 -1 -1   1 -1  1   1 -1 -1   1 -1  1   1 -1 -1   1 -1  1
Y= 4   1  1  1   1  1 -1   1  1  1   1  1 -1   1  1  1   1  1 -1   1  1  1   1  1 -1   1  1  1   1  1 -1   1  1  1   1  1 -1   1  1  1   1  1 -1   1  1  1   1  1 -1   1  1  1
Y= 5   1 -1  1   1 -1 -1   1 -1  1   1 -1 -1   1 -1  1   1 -1 -1   1 -1  1   1 -1 -1   1 -1  1   1 -1 -1   1 -1  1   1 -1 -1   1 -1  1   1 -1 -1   1 -1  1   1 -1 -1   1 -1  1
Y= 6   1  1  1   1  1 -1   1  1  1   1  1 -1   1  1  1   1  1 -1   1  1  1   1  1 -1   1  1  1   1  1 -1   1  1  1   1  1 -1   1  1  1   1  1 -1   1  1  1   1  1 -1   1  1  1
Y= 7   1 -1  1   1 -1 -1   1 -1  1   1 -1 -1   1 -1  1   1 -1 -1   1 -1  1   1 -1 -1   1 -1  1   1 -1 -1   1 -1  1   1 -1 -1   1 -1  1   1 -1 -1   1 -1  1   1 -1 -1   1 -1  1
Y= 8   1  1  1   1  1 -1   1  1  1   1  1 -1   1  1  1   1  1 -1   1  1  1   1  1 -1   1  1  1   1  1 -1   1  1  1   1  1 -1   1  1  1   1  1 -1   1  1  1   1  1 -1   1  1  1


 x:  5    -8        -7        -6        -5        -4        -3        -2        -1         0         1         2         3         4         5         6         7         8    
Y=-8  -1  1  1  -1  1 -1  -1  1  1  -1  1 -1  -1  1  1  -1  1 -1  -1  1  1  -1  1 -1  -1  1  1  -1  1 -1  -1  1  1  -1  1 -1  -1  1  1  -1  1 -1  -1  1  1  -1  1 -1  -1  1  1
Y=-7  -1 -1  1  -1 -1 -1  -1 -1  1  -1 -1 -1  -1 -1  1  -1 -1 -1  -1 -1  1  -1 -1 -1  -1 -1  1  -1 -1 -1  -1 -1  1  -1 -1 -1  -1 -1  1  -1 -1 -1  -1 -1  1  -1 -1 -1  -1 -1  1
Y=-6  -1  1  1  -1  1 -1  -1  1  1  -1  1 -1  -1  1  1  -1  1 -1  -1  1  1  -1  1 -1  -1  1  1  -1  1 -1  -1  1  1  -1  1 -1  -1  1  1  -1  1 -1  -1  1  1  -1  1 -1  -1  1  1
Y=-5  -1 -1  1  -1 -1 -1  -1 -1  1  -1 -1 -1  -1 -1  1  -1 -1 -1  -1 -1  1  -1 -1 -1  -1 -1  1  -1 -1 -1  -1 -1  1  -1 -1 -1  -1 -1  1  -1 -1 -1  -1 -1  1  -1 -1 -1  -1 -1  1
Y=-4  -1  1  1  -1  1 -1  -1  1  1  -1  1 -1  -1  1  1  -1  1 -1  -1  1  1  -1  1 -1  -1  1  1  -1  1 -1  -1  1  1  -1  1 -1  -1  1  1  -1  1 -1  -1  1  1  -1  1 -1  -1  1  1
Y=-3  -1 -1  1  -1 -1 -1  -1 -1  1  -1 -1 -1  -1 -1  1  -1 -1 -1  -1 -1  1  -1 -1 -1  -1 -1  1  -1 -1 -1  -1 -1  1  -1 -1 -1  -1 -1  1  -1 -1 -1  -1 -1  1  -1 -1 -1  -1 -1  1
Y=-2  -1  1  1  -1  1 -1  -1  1  1  -1  1 -1  -1  1  1  -1  1 -1  -1  1  1  -1  1 -1  -1  1  1  -1  1 -1  -1  1  1  -1  1 -1  -1  1  1  -1  1 -1  -1  1  1  -1  1 -1  -1  1  1
Y=-1  -1 -1  1  -1 -1 -1  -1 -1  1  -1 -1 -1  -1 -1  1  -1 -1 -1  -1 -1  1  -1 -1 -1  -1 -1  1  -1 -1 -1  -1 -1  1  -1 -1 -1  -1 -1  1  -1 -1 -1  -1 -1  1  -1 -1 -1  -1 -1  1
Y= 0  -1  1  1  -1  1 -1  -1  1  1  -1  1 -1  -1  1  1  -1  1 -1  -1  1  1  -1  1 -1  -1  1  1  -1  1 -1  -1  1  1  -1  1 -1  -1  1  1  -1  1 -1  -1  1  1  -1  1 -1  -1  1  1
Y= 1  -1 -1  1  -1 -1 -1  -1 -1  1  -1 -1 -1  -1 -1  1  -1 -1 -1  -1 -1  1  -1 -1 -1  -1 -1  1  -1 -1 -1  -1 -1  1  -1 -1 -1  -1 -1  1  -1 -1 -1  -1 -1  1  -1 -1 -1  -1 -1  1
Y= 2  -1  1  1  -1  1 -1  -1  1  1  -1  1 -1  -1  1  1  -1  1 -1  -1  1  1  -1  1 -1  -1  1  1  -1  1 -1  -1  1  1  -1  1 -1  -1  1  1  -1  1 -1  -1  1  1  -1  1 -1  -1  1  1
Y= 3  -1 -1  1  -1 -1 -1  -1 -1  1  -1 -1 -1  -1 -1  1  -1 -1 -1  -1 -1  1  -1 -1 -1  -1 -1  1  -1 -1 -1  -1 -1  1  -1 -1 -1  -1 -1  1  -1 -1 -1  -1 -1  1  -1 -1 -1  -1 -1  1
Y= 4  -1  1  1  -1  1 -1  -1  1  1  -1  1 -1  -1  1  1  -1  1 -1  -1  1  1  -1  1 -1  -1  1  1  -1  1 -1  -1  1  1  -1  1 -1  -1  1  1  -1  1 -1  -1  1  1  -1  1 -1  -1  1  1
Y= 5  -1 -1  1  -1 -1 -1  -1 -1  1  -1 -1 -1  -1 -1  1  -1 -1 -1  -1 -1  1  -1 -1 -1  -1 -1  1  -1 -1 -1  -1 -1  1  -1 -1 -1  -1 -1  1  -1 -1 -1  -1 -1  1  -1 -1 -1  -1 -1  1
Y= 6  -1  1  1  -1  1 -1  -1  1  1  -1  1 -1  -1  1  1  -1  1 -1  -1  1  1  -1  1 -1  -1  1  1  -1  1 -1  -1  1  1  -1  1 -1  -1  1  1  -1  1 -1  -1  1  1  -1  1 -1  -1  1  1
Y= 7  -1 -1  1  -1 -1 -1  -1 -1  1  -1 -1 -1  -1 -1  1  -1 -1 -1  -1 -1  1  -1 -1 -1  -1 -1  1  -1 -1 -1  -1 -1  1  -1 -1 -1  -1 -1  1  -1 -1 -1  -1 -1  1  -1 -1 -1  -1 -1  1
Y= 8  -1  1  1  -1  1 -1  -1  1  1  -1  1 -1  -1  1  1  -1  1 -1  -1  1  1  -1  1 -1  -1  1  1  -1  1 -1  -1  1  1  -1  1 -1  -1  1  1  -1  1 -1  -1  1  1  -1  1 -1  -1  1  1


 x:  6    -8        -7        -6        -5        -4        -3        -2        -1         0         1         2         3         4         5         6         7         8    
Y=-8   1  1  1   1  1 -1   1  1  1   1  1 -1   1  1  1   1  1 -1   1  1  1   1  1 -1   1  1  1   1  1 -1   1  1  1   1  1 -1   1  1  1   1  1 -1   1  1  1   1  1 -1   1  1  1
Y=-7   1 -1  1   1 -1 -1   1 -1  1   1 -1 -1   1 -1  1   1 -1 -1   1 -1  1   1 -1 -1   1 -1  1   1 -1 -1   1 -1  1   1 -1 -1   1 -1  1   1 -1 -1   1 -1  1   1 -1 -1   1 -1  1
Y=-6   1  1  1   1  1 -1   1  1  1   1  1 -1   1  1  1   1  1 -1   1  1  1   1  1 -1   1  1  1   1  1 -1   1  1  1   1  1 -1   1  1  1   1  1 -1   1  1  1   1  1 -1   1  1  1
Y=-5   1 -1  1   1 -1 -1   1 -1  1   1 -1 -1   1 -1  1   1 -1 -1   1 -1  1   1 -1 -1   1 -1  1   1 -1 -1   1 -1  1   1 -1 -1   1 -1  1   1 -1 -1   1 -1  1   1 -1 -1   1 -1  1
Y=-4   1  1  1   1  1 -1   1  1  1   1  1 -1   1  1  1   1  1 -1   1  1  1   1  1 -1   1  1  1   1  1 -1   1  1  1   1  1 -1   1  1  1   1  1 -1   1  1  1   1  1 -1   1  1  1
Y=-3   1 -1  1   1 -1 -1   1 -1  1   1 -1 -1   1 -1  1   1 -1 -1   1 -1  1   1 -1 -1   1 -1  1   1 -1 -1   1 -1  1   1 -1 -1   1 -1  1   1 -1 -1   1 -1  1   1 -1 -1   1 -1  1
Y=-2   1  1  1   1  1 -1   1  1  1   1  1 -1   1  1  1   1  1 -1   1  1  1   1  1 -1   1  1  1   1  1 -1   1  1  1   1  1 -1   1  1  1   1  1 -1   1  1  1   1  1 -1   1  1  1
Y=-1   1 -1  1   1 -1 -1   1 -1  1   1 -1 -1   1 -1  1   1 -1 -1   1 -1  1   1 -1 -1   1 -1  1   1 -1 -1   1 -1  1   1 -1 -1   1 -1  1   1 -1 -1   1 -1  1   1 -1 -1   1 -1  1
Y= 0   1  1  1   1  1 -1   1  1  1   1  1 -1   1  1  1   1  1 -1   1  1  1   1  1 -1   1  1  1   1  1 -1   1  1  1   1  1 -1   1  1  1   1  1 -1   1  1  1   1  1 -1   1  1  1
Y= 1   1 -1  1   1 -1 -1   1 -1  1   1 -1 -1   1 -1  1   1 -1 -1   1 -1  1   1 -1 -1   1 -1  1   1 -1 -1   1 -1  1   1 -1 -1   1 -1  1   1 -1 -1   1 -1  1   1 -1 -1   1 -1  1
Y= 2   1  1  1   1  1 -1   1  1  1   1  1 -1   1  1  1   1  1 -1   1  1  1   1  1 -1   1  1  1   1  1 -1   1  1  1   1  1 -1   1  1  1   1  1 -1   1  1  1   1  1 -1   1  1  1
Y= 3   1 -1  1   1 -1 -1   1 -1  1   1 -1 -1   1 -1  1   1 -1 -1   1 -1  1   1 -1 -1   1 -1  1   1 -1 -1   1 -1  1   1 -1 -1   1 -1  1   1 -1 -1   1 -1  1   1 -1 -1   1 -1  1
Y= 4   1  1  1   1  1 -1   1  1  1   1  1 -1   1  1  1   1  1 -1   1  1  1   1  1 -1   1  1  1   1  1 -1   1  1  1   1  1 -1   1  1  1   1  1 -1   1  1  1   1  1 -1   1  1  1
Y= 5   1 -1  1   1 -1 -1   1 -1  1   1 -1 -1   1 -1  1   1 -1 -1   1 -1  1   1 -1 -1   1 -1  1   1 -1 -1   1 -1  1   1 -1 -1   1 -1  1   1 -1 -1   1 -1  1   1 -1 -1   1 -1  1
Y= 6   1  1  1   1  1 -1   1  1  1   1  1 -1   1  1  1   1  1 -1   1  1  1   1  1 -1   1  1  1   1  1 -1   1  1  1   1  1 -1   1  1  1   1  1 -1   1  1  1   1  1 -1   1  1  1
Y= 7   1 -1  1   1 -1 -1   1 -1  1   1 -1 -1   1 -1  1   1 -1 -1   1 -1  1   1 -1 -1   1 -1  1   1 -1 -1   1 -1  1   1 -1 -1   1 -1  1   1 -1 -1   1 -1  1   1 -1 -1   1 -1  1
Y= 8   1  1  1   1  1 -1   1  1  1   1  1 -1   1  1  1   1  1 -1   1  1  1   1  1 -1   1  1  1   1  1 -1   1  1  1   1  1 -1   1  1  1   1  1 -1   1  1  1   1  1 -1   1  1  1


 x:  7    -8        -7        -6        -5        -4        -3        -2        -1         0         1         2         3         4         5         6         7         8    
Y=-8  -1  1  1  -1  1 -1  -1  1  1  -1  1 -1  -1  1  1  -1  1 -1  -1  1  1  -1  1 -1  -1  1  1  -1  1 -1  -1  1  1  -1  1 -1  -1  1  1  -1  1 -1  -1  1  1  -1  1 -1  -1  1  1
Y=-7  -1 -1  1  -1 -1 -1  -1 -1  1  -1 -1 -1  -1 -1  1  -1 -1 -1  -1 -1  1  -1 -1 -1  -1 -1  1  -1 -1 -1  -1 -1  1  -1 -1 -1  -1 -1  1  -1 -1 -1  -1 -1  1  -1 -1 -1  -1 -1  1
Y=-6  -1  1  1  -1  1 -1  -1  1  1  -1  1 -1  -1  1  1  -1  1 -1  -1  1  1  -1  1 -1  -1  1  1  -1  1 -1  -1  1  1  -1  1 -1  -1  1  1  -1  1 -1  -1  1  1  -1  1 -1  -1  1  1
Y=-5  -1 -1  1  -1 -1 -1  -1 -1  1  -1 -1 -1  -1 -1  1  -1 -1 -1  -1 -1  1  -1 -1 -1  -1 -1  1  -1 -1 -1  -1 -1  1  -1 -1 -1  -1 -1  1  -1 -1 -1  -1 -1  1  -1 -1 -1  -1 -1  1
Y=-4  -1  1  1  -1  1 -1  -1  1  1  -1  1 -1  -1  1  1  -1  1 -1  -1  1  1  -1  1 -1  -1  1  1  -1  1 -1  -1  1  1  -1  1 -1  -1  1  1  -1  1 -1  -1  1  1  -1  1 -1  -1  1  1
Y=-3  -1 -1  1  -1 -1 -1  -1 -1  1  -1 -1 -1  -1 -1  1  -1 -1 -1  -1 -1  1  -1 -1 -1  -1 -1  1  -1 -1 -1  -1 -1  1  -1 -1 -1  -1 -1  1  -1 -1 -1  -1 -1  1  -1 -1 -1  -1 -1  1
Y=-2  -1  1  1  -1  1 -1  -1  1  1  -1  1 -1  -1  1  1  -1  1 -1  -1  1  1  -1  1 -1  -1  1  1  -1  1 -1  -1  1  1  -1  1 -1  -1  1  1  -1  1 -1  -1  1  1  -1  1 -1  -1  1  1
Y=-1  -1 -1  1  -1 -1 -1  -1 -1  1  -1 -1 -1  -1 -1  1  -1 -1 -1  -1 -1  1  -1 -1 -1  -1 -1  1  -1 -1 -1  -1 -1  1  -1 -1 -1  -1 -1  1  -1 -1 -1  -1 -1  1  -1 -1 -1  -1 -1  1
Y= 0  -1  1  1  -1  1 -1  -1  1  1  -1  1 -1  -1  1  1  -1  1 -1  -1  1  1  -1  1 -1  -1  1  1  -1  1 -1  -1  1  1  -1  1 -1  -1  1  1  -1  1 -1  -1  1  1  -1  1 -1  -1  1  1
Y= 1  -1 -1  1  -1 -1 -1  -1 -1  1  -1 -1 -1  -1 -1  1  -1 -1 -1  -1 -1  1  -1 -1 -1  -1 -1  1  -1 -1 -1  -1 -1  1  -1 -1 -1  -1 -1  1  -1 -1 -1  -1 -1  1  -1 -1 -1  -1 -1  1
Y= 2  -1  1  1  -1  1 -1  -1  1  1  -1  1 -1  -1  1  1  -1  1 -1  -1  1  1  -1  1 -1  -1  1  1  -1  1 -1  -1  1  1  -1  1 -1  -1  1  1  -1  1 -1  -1  1  1  -1  1 -1  -1  1  1
Y= 3  -1 -1  1  -1 -1 -1  -1 -1  1  -1 -1 -1  -1 -1  1  -1 -1 -1  -1 -1  1  -1 -1 -1  -1 -1  1  -1 -1 -1  -1 -1  1  -1 -1 -1  -1 -1  1  -1 -1 -1  -1 -1  1  -1 -1 -1  -1 -1  1
Y= 4  -1  1  1  -1  1 -1  -1  1  1  -1  1 -1  -1  1  1  -1  1 -1  -1  1  1  -1  1 -1  -1  1  1  -1  1 -1  -1  1  1  -1  1 -1  -1  1  1  -1  1 -1  -1  1  1  -1  1 -1  -1  1  1
Y= 5  -1 -1  1  -1 -1 -1  -1 -1  1  -1 -1 -1  -1 -1  1  -1 -1 -1  -1 -1  1  -1 -1 -1  -1 -1  1  -1 -1 -1  -1 -1  1  -1 -1 -1  -1 -1  1  -1 -1 -1  -1 -1  1  -1 -1 -1  -1 -1  1
Y= 6  -1  1  1  -1  1 -1  -1  1  1  -1  1 -1  -1  1  1  -1  1 -1  -1  1  1  -1  1 -1  -1  1  1  -1  1 -1  -1  1  1  -1  1 -1  -1  1  1  -1  1 -1  -1  1  1  -1  1 -1  -1  1  1
Y= 7  -1 -1  1  -1 -1 -1  -1 -1  1  -1 -1 -1  -1 -1  1  -1 -1 -1  -1 -1  1  -1 -1 -1  -1 -1  1  -1 -1 -1  -1 -1  1  -1 -1 -1  -1 -1  1  -1 -1 -1  -1 -1  1  -1 -1 -1  -1 -1  1
Y= 8  -1  1  1  -1  1 -1  -1  1  1  -1  1 -1  -1  1  1  -1  1 -1  -1  1  1  -1  1 -1  -1  1  1  -1  1 -1  -1  1  1  -1  1 -1  -1  1  1  -1  1 -1  -1  1  1  -1  1 -1  -1  1  1


 x:  8    -8        -7        -6        -5        -4        -3        -2        -1         0         1         2         3         4         5         6         7         8    
Y=-8   1  1  1   1  1 -1   1  1  1   1  1 -1   1  1  1   1  1 -1   1  1  1   1  1 -1   1  1  1   1  1 -1   1  1  1   1  1 -1   1  1  1   1  1 -1   1  1  1   1  1 -1   1  1  1
Y=-7   1 -1  1   1 -1 -1   1 -1  1   1 -1 -1   1 -1  1   1 -1 -1   1 -1  1   1 -1 -1   1 -1  1   1 -1 -1   1 -1  1   1 -1 -1   1 -1  1   1 -1 -1   1 -1  1   1 -1 -1   1 -1  1
Y=-6   1  1  1   1  1 -1   1  1  1   1  1 -1   1  1  1   1  1 -1   1  1  1   1  1 -1   1  1  1   1  1 -1   1  1  1   1  1 -1   1  1  1   1  1 -1   1  1  1   1  1 -1   1  1  1
Y=-5   1 -1  1   1 -1 -1   1 -1  1   1 -1 -1   1 -1  1   1 -1 -1   1 -1  1   1 -1 -1   1 -1  1   1 -1 -1   1 -1  1   1 -1 -1   1 -1  1   1 -1 -1   1 -1  1   1 -1 -1   1 -1  1
Y=-4   1  1  1   1  1 -1   1  1  1   1  1 -1   1  1  1   1  1 -1   1  1  1   1  1 -1   1  1  1   1  1 -1   1  1  1   1  1 -1   1  1  1   1  1 -1   1  1  1   1  1 -1   1  1  1
Y=-3   1 -1  1   1 -1 -1   1 -1  1   1 -1 -1   1 -1  1   1 -1 -1   1 -1  1   1 -1 -1   1 -1  1   1 -1 -1   1 -1  1   1 -1 -1   1 -1  1   1 -1 -1   1 -1  1   1 -1 -1   1 -1  1
Y=-2   1  1  1   1  1 -1   1  1  1   1  1 -1   1  1  1   1  1 -1   1  1  1   1  1 -1   1  1  1   1  1 -1   1  1  1   1  1 -1   1  1  1   1  1 -1   1  1  1   1  1 -1   1  1  1
Y=-1   1 -1  1   1 -1 -1   1 -1  1   1 -1 -1   1 -1  1   1 -1 -1   1 -1  1   1 -1 -1   1 -1  1   1 -1 -1   1 -1  1   1 -1 -1   1 -1  1   1 -1 -1   1 -1  1   1 -1 -1   1 -1  1
Y= 0   1  1  1   1  1 -1   1  1  1   1  1 -1   1  1  1   1  1 -1   1  1  1   1  1 -1   1  1  1   1  1 -1   1  1  1   1  1 -1   1  1  1   1  1 -1   1  1  1   1  1 -1   1  1  1
Y= 1   1 -1  1   1 -1 -1   1 -1  1   1 -1 -1   1 -1  1   1 -1 -1   1 -1  1   1 -1 -1   1 -1  1   1 -1 -1   1 -1  1   1 -1 -1   1 -1  1   1 -1 -1   1 -1  1   1 -1 -1   1 -1  1
Y= 2   1  1  1   1  1 -1   1  1  1   1  1 -1   1  1  1   1  1 -1   1  1  1   1  1 -1   1  1  1   1  1 -1   1  1  1   1  1 -1   1  1  1   1  1 -1   1  1  1   1  1 -1   1  1  1
Y= 3   1 -1  1   1 -1 -1   1 -1  1   1 -1 -1   1 -1  1   1 -1 -1   1 -1  1   1 -1 -1   1 -1  1   1 -1 -1   1 -1  1   1 -1 -1   1 -1  1   1 -1 -1   1 -1  1   1 -1 -1   1 -1  1
Y= 4   1  1  1   1  1 -1   1  1  1   1  1 -1   1  1  1   1  1 -1   1  1  1   1  1 -1   1  1  1   1  1 -1   1  1  1   1  1 -1   1  1  1   1  1 -1   1  1  1   1  1 -1   1  1  1
Y= 5   1 -1  1   1 -1 -1   1 -1  1   1 -1 -1   1 -1  1   1 -1 -1   1 -1  1   1 -1 -1   1 -1  1   1 -1 -1   1 -1  1   1 -1 -1   1 -1  1   1 -1 -1   1 -1  1   1 -1 -1   1 -1  1
Y= 6   1  1  1   1  1 -1   1  1  1   1  1 -1   1  1  1   1  1 -1   1  1  1   1  1 -1   1  1  1   1  1 -1   1  1  1   1  1 -1   1  1  1   1  1 -1   1  1  1   1  1 -1   1  1  1
Y= 7   1 -1  1   1 -1 -1   1 -1  1   1 -1 -1   1 -1  1   1 -1 -1   1 -1  1   1 -1 -1   1 -1  1   1 -1 -1   1 -1  1   1 -1 -1   1 -1  1   1 -1 -1   1 -1  1   1 -1 -1   1 -1  1
Y= 8   1  1  1   1  1 -1   1  1  1   1  1 -1   1  1  1   1  1 -1   1  1  1   1  1 -1   1  1  1   1  1 -1   1  1  1   1  1 -1   1  1  1   1  1 -1   1  1  1   1  1 -1   1  1  1

