

These are the points.
There are spaces between these points which is most likely to be closest to.


Primary rotation from 0,0,0  can be in 1 of 3 (or any combination of the 3) directions.

labeled units are multiples of PI  (N*PI)

from 0 in any single direction, the period of rotation is 2pi.  

and it's a normal vector (in manhatten normal metric) applied as a velocity vector scaled by time.


a 1 unit step in one direction changes the sign of 1 coordinate. 

0 = 1                          1 unique state   0 odd bits
1   4      3  (n^1-(n-1)^1)    3 unique states  1 odd bit
2   27     23                  3 unique states  2 odd bits
3   64     37                  1 unique state   3 odd bits

n steps = 3*3*3  (n+1)^3  combinations

3   8 + 3*2?



a 1 unit step up/down (y value)   left/right (Z value; horizontal labels)  and  forward/backward  (X in this case)

(hypothesis - expect total odd bits = sign? )


( these are all the same )
(0,0,0)  (0,0,2)  (0,0,4) ...  
         (0,2,0)  (0,4,0) ...
         (2,0,0)  (4,0,0) ...

(2,2,2) (6pi)

1 step along axis only  (these are all the same)
(1 ,0    , 0)  (1+2n,0,0)   -1 1 1
(0 ,1+2n , 0)               1 -1 1
(0 ,0    , 1+2n)            1 1 -1


1 step right and one step down (or steps that are 2 away)
                     
 (0,1,1)  1 -1 -1    a right angle and another right angle can result in 3 distinct rotations.
 (1,1,0)  -1 -1 1
 (1,0,1)  -1 1 -1   

 (A fraction in this direction can be done... (or what I consider 'ideal) )
 (1,1,1)  -1 -1 -1   ( there is a direct path to this, which is part of the way to T; and is a spherical normal )

1 step right two steps down (3 steps that are 3 away)
      (inverse 1 in single axis direction)
 (1,1,1)  -1 -1 -1 

 // otherwise identitical.
 (0,3,0) = (0, 1, 0)

 (1,2,0)   (1,0,0)
 (1,0,2)   (1,0,0)
 (2,1,0)   (0,1,0)
 (0,1,2)   (0,1,0)
 (0,2,1)   (0,0,1)
 (2,0,1)   (0,0,1)
 
4 tetrahedra join the paths between uniqe states.





(4+ steps away  are identitial within 0,0,0 )

underlines are identity and inverse identity. always 3 steps away from each other.

 x:  0        0         1         2         3         4         5         6         7         8    
Y= 0      1  1  1   1  1 -1   1  1  1   1  1 -1   1  1  1   1  1 -1   1  1  1   1  1 -1   1  1  1
        ***********         ***********         ***********        ***********
Y= 1      1 -1  1   1 -1 -1   1 -1  1   1 -1 -1   1 -1  1   1 -1 -1   1 -1  1   1 -1 -1   1 -1  1
Y= 2      1  1  1   1  1 -1   1  1  1   1  1 -1   1  1  1   1  1 -1   1  1  1   1  1 -1   1  1  1
        ***********         ***********         ***********        ***********
Y= 3      1 -1  1   1 -1 -1   1 -1  1   1 -1 -1   1 -1  1   1 -1 -1   1 -1  1   1 -1 -1   1 -1  1
Y= 4      1  1  1   1  1 -1   1  1  1   1  1 -1   1  1  1   1  1 -1   1  1  1   1  1 -1   1  1  1
        ***********         ***********         ***********        ***********
Y= 5      1 -1  1   1 -1 -1   1 -1  1   1 -1 -1   1 -1  1   1 -1 -1   1 -1  1   1 -1 -1   1 -1  1
Y= 6      1  1  1   1  1 -1   1  1  1   1  1 -1   1  1  1   1  1 -1   1  1  1   1  1 -1   1  1  1
        ***********         ***********         ***********        ***********
Y= 7      1 -1  1   1 -1 -1   1 -1  1   1 -1 -1   1 -1  1   1 -1 -1   1 -1  1   1 -1 -1   1 -1  1
Y= 8      1  1  1   1  1 -1   1  1  1   1  1 -1   1  1  1   1  1 -1   1  1  1   1  1 -1   1  1  1
        ***********         ***********         ***********        ***********


 x:  1        0         1         2         3         4         5         6         7         8    
Y= 0  -  -1  1  1  -1  1 -1  -1  1  1  -1  1 -1  -1  1  1  -1  1 -1  -1  1  1  -1  1 -1  -1  1  1
Y= 1  -  -1 -1  1  -1 -1 -1  -1 -1  1  -1 -1 -1  -1 -1  1  -1 -1 -1  -1 -1  1  -1 -1 -1  -1 -1  1
                  ***********         ***********         ***********        ***********
Y= 2  -  -1  1  1  -1  1 -1  -1  1  1  -1  1 -1  -1  1  1  -1  1 -1  -1  1  1  -1  1 -1  -1  1  1
Y= 3  -  -1 -1  1  -1 -1 -1  -1 -1  1  -1 -1 -1  -1 -1  1  -1 -1 -1  -1 -1  1  -1 -1 -1  -1 -1  1
                  ***********         ***********         ***********        ***********
Y= 4  -  -1  1  1  -1  1 -1  -1  1  1  -1  1 -1  -1  1  1  -1  1 -1  -1  1  1  -1  1 -1  -1  1  1
Y= 5  -  -1 -1  1  -1 -1 -1  -1 -1  1  -1 -1 -1  -1 -1  1  -1 -1 -1  -1 -1  1  -1 -1 -1  -1 -1  1
                  ***********         ***********         ***********        ***********
Y= 6  -  -1  1  1  -1  1 -1  -1  1  1  -1  1 -1  -1  1  1  -1  1 -1  -1  1  1  -1  1 -1  -1  1  1
Y= 7  -  -1 -1  1  -1 -1 -1  -1 -1  1  -1 -1 -1  -1 -1  1  -1 -1 -1  -1 -1  1  -1 -1 -1  -1 -1  1
                  ***********         ***********         ***********        ***********
Y= 8  -  -1  1  1  -1  1 -1  -1  1  1  -1  1 -1  -1  1  1  -1  1 -1  -1  1  1  -1  1 -1  -1  1  1


 x:  2        0         1         2         3         4         5         6         7         8    
Y= 0      1  1  1   1  1 -1   1  1  1   1  1 -1   1  1  1   1  1 -1   1  1  1   1  1 -1   1  1  1
        ***********         ***********         ***********        ***********
Y= 1      1 -1  1   1 -1 -1   1 -1  1   1 -1 -1   1 -1  1   1 -1 -1   1 -1  1   1 -1 -1   1 -1  1
Y= 2      1  1  1   1  1 -1   1  1  1   1  1 -1   1  1  1   1  1 -1   1  1  1   1  1 -1   1  1  1
        ***********         ***********         ***********        ***********
Y= 3      1 -1  1   1 -1 -1   1 -1  1   1 -1 -1   1 -1  1   1 -1 -1   1 -1  1   1 -1 -1   1 -1  1
Y= 4      1  1  1   1  1 -1   1  1  1   1  1 -1   1  1  1   1  1 -1   1  1  1   1  1 -1   1  1  1
        ***********         ***********         ***********        ***********
Y= 5      1 -1  1   1 -1 -1   1 -1  1   1 -1 -1   1 -1  1   1 -1 -1   1 -1  1   1 -1 -1   1 -1  1
Y= 6      1  1  1   1  1 -1   1  1  1   1  1 -1   1  1  1   1  1 -1   1  1  1   1  1 -1   1  1  1
        ***********         ***********         ***********        ***********
Y= 7      1 -1  1   1 -1 -1   1 -1  1   1 -1 -1   1 -1  1   1 -1 -1   1 -1  1   1 -1 -1   1 -1  1
Y= 8      1  1  1   1  1 -1   1  1  1   1  1 -1   1  1  1   1  1 -1   1  1  1   1  1 -1   1  1  1
        ***********         ***********         ***********        ***********


 x:  3        0         1         2         3         4         5         6         7         8    
Y= 0  -  -1  1  1  -1  1 -1  -1  1  1  -1  1 -1  -1  1  1  -1  1 -1  -1  1  1  -1  1 -1  -1  1  1
Y= 1  -  -1 -1  1  -1 -1 -1  -1 -1  1  -1 -1 -1  -1 -1  1  -1 -1 -1  -1 -1  1  -1 -1 -1  -1 -1  1
                  ***********         ***********         ***********        ***********
Y= 2  -  -1  1  1  -1  1 -1  -1  1  1  -1  1 -1  -1  1  1  -1  1 -1  -1  1  1  -1  1 -1  -1  1  1
Y= 3  -  -1 -1  1  -1 -1 -1  -1 -1  1  -1 -1 -1  -1 -1  1  -1 -1 -1  -1 -1  1  -1 -1 -1  -1 -1  1
                  ***********         ***********         ***********        ***********
Y= 4  -  -1  1  1  -1  1 -1  -1  1  1  -1  1 -1  -1  1  1  -1  1 -1  -1  1  1  -1  1 -1  -1  1  1
Y= 5  -  -1 -1  1  -1 -1 -1  -1 -1  1  -1 -1 -1  -1 -1  1  -1 -1 -1  -1 -1  1  -1 -1 -1  -1 -1  1
                  ***********         ***********         ***********        ***********
Y= 6  -  -1  1  1  -1  1 -1  -1  1  1  -1  1 -1  -1  1  1  -1  1 -1  -1  1  1  -1  1 -1  -1  1  1
Y= 7  -  -1 -1  1  -1 -1 -1  -1 -1  1  -1 -1 -1  -1 -1  1  -1 -1 -1  -1 -1  1  -1 -1 -1  -1 -1  1
                  ***********         ***********         ***********        ***********
Y= 8  -  -1  1  1  -1  1 -1  -1  1  1  -1  1 -1  -1  1  1  -1  1 -1  -1  1  1  -1  1 -1  -1  1  1

